Algies/Shelton_A3/testFile0.grd
ncols 316
nrows 316
xllcorner 0.0
yllcorner 0.0
cellsize 10.0
[rows 253 to 275 of 316, columns 200 to 249 of 316]
1299.09214689 1909.06623474 1589.71557763 1404.85261791 1035.06521583 1925.12693665 1627.14371466 1562.14421446 1561.45858339 1731.3437444 1752.69258285 1316.43818446 1987.4790001 1844.21958659 1036.46380136 1218.85264401 1722.36421186 1313.88662311 1905.04659599 1621.0325909 1497.99008878 1490.52510364 1521.86876857 1176.50636033 1191.02827285 1316.21521146 1325.80607472 1499.1719216 1443.39013215 1549.67052718 1528.68131964 1855.05714545 1988.38236179 1793.28559815 1628.85786927 1436.57425978 1232.06773793 1962.70675321 1979.10522289 1392.8599221 1667.75679709 1119.17428178 1072.43749818 1403.38260086 1720.74449301 1156.85812632 1705.19550669 1823.50012182 1877.72162583 1115.01268245
1021.5547984 1358.70461024 1383.85981057 1769.38857906 1983.76405119 1786.39945062 1106.87730272 1000.19673211 1830.32130526 1701.44084453 1550.32524578 1773.253042 1515.34925909 1242.4017303 1075.77421383 1668.89677312 1185.33909157 1048.37960257 1888.89821517 1383.79434301 1423.66547632 1305.57324223 1241.14507098 1669.83791715 1117.9222544 1837.43949022 1899.19186645 1767.55747429 1124.72019971 1800.33495453 1940.36047823 1436.87257295 1938.41228703 1662.77326786 1338.0988031 1304.26912188 1582.12543843 1585.7207845 1267.05597769 1754.16245981 1528.21581922 1464.20156942 1942.37172769 1873.47749928 1608.80621421 1866.91572696 1606.31211582 1556.49173824 1289.61059466 1732.55568971
1403.36070329 1187.72224934 1681.05993218 1036.12252992 1434.91081924 1676.91059712 1441.75942081 1230.52350085 1220.68423134 1736.27506365 1145.18510002 1220.73640712 1468.20723553 1537.16607374 1407.73879251 1707.89624433 1402.01031594 1117.47584994 1554.78327405 1199.01814683 1764.10851987 1442.30448755 1396.28760727 1680.92394702 1456.28883998 1934.48427779 1687.81021355 1958.66640294 1694.87369494 1779.45861079 1176.55916511 1859.59798627 1874.90972298 1120.1527653 1073.89651497 1741.80085497 1739.45670162 1840.70256795 1595.87276467 1908.73318566 1900.9262523 1392.20055836 1350.97328972 1795.72792146 1999.44369841 1643.94613808 1320.02699958 1525.06092926 1788.74850591 1959.67423484
1848.67311861 1621.27711974 1518.04942766 1985.34045032 1163.01562394 1079.95806782 1413.2722789 1264.42968925 1449.19129992 1201.44708764 1352.44676501 1168.31263832 1918.86166781 1728.08853008 1698.60943034 1690.67991771 1268.83698129 1486.13830931 1878.91035471 1404.80764635 1493.16867195 1851.49424962 1633.56547001 1008.87172716 1205.38017516 1480.73342034 1074.86454665 1567.27909727 1892.62072681 1508.72216766 1895.55322421 1104.65496054 1097.3267011 1143.20597984 1391.36097024 1158.95394128 1949.18154903 1905.90276261 1280.05090966 1869.33580546 1028.2031031 1739.75526602 1084.245219 1111.82264897 1490.44530332 1537.19462625 1987.92755782 1289.01214972 1356.40823133 1221.48955469
1607.73613685 1012.11730582 1693.14047666 1043.1980247 1769.4655987 1955.06195748 1876.85183968 1904.80726994 1357.34092836 1958.26089201 1406.30446891 1042.68421549 1295.95498519 1560.27797937 1967.44130324 1182.05027105 1414.09674471 1107.88319451 1769.12688787 1059.44551787 1095.14975081 1845.0273718 1158.46466034 1753.00264418 1794.37381792 1218.0164873 1405.65056908 1288.48889998 1972.45267088 1783.1316533 1329.3061808 1507.99627493 1641.80266848 1486.07974847 1209.67365258 1524.87043953 1449.07714091 1333.66410616 1256.09913557 1828.6725599 1596.68047066 1767.77238001 1385.1808658 1253.43182155 1429.4349922 1510.10636041 1699.16893698 1636.1813351 1286.88585217 1395.7192739
1801.71747136 1780.49124513 1404.43882928 1936.47923037 1373.69809373 1262.41542717 1516.19867392 1290.81993441 1174.04045049 1799.19144457 1635.36688343 1588.50215476 1562.5955198 1638.32113472 1149.19996922 1840.88487249 1001.8047458 1555.66724789 1664.93563723 1308.41870214 1435.43289126 1335.49505402 1527.6822444 1368.26152103 1785.2037425 1359.04368394 1124.85977493 1124.00844887 1057.96026376 1889.94056073 1158.47275704 1924.8212712 1014.90199217 1711.22502145 1639.02922588 1231.21646526 1221.27554578 1650.28052646 1692.4664569 1308.89452148 1687.59441106 1085.20351361 1569.54022298 1365.07784057 1347.81543196 1937.35034057 1559.5079634 1108.12414998 1798.29084887 1707.8262395
1261.79722557 1192.48056667 1826.00001944 1534.21181305 1093.70530329 1002.58926901 1293.11692189 1802.46751791 1718.31922913 1476.14301445 1933.71186244 1890.04790833 1016.69639173 1497.36322082 1369.37666029 1518.8700338 1349.27689459 1802.77932733 1200.48233578 1909.9544383 1841.8842374 1993.29535192 1594.5142418 1413.70652489 1407.51993632 1159.3011083 1504.43649551 1968.50102211 1242.70809313 1198.89845041 1571.96232539 1629.62392347 1974.1431669 1572.70068115 1277.83071162 1419.99777283 1766.60542912 1366.23435582 1707.70315669 1028.73450442 1030.30125428 1082.42325758 1458.45580446 1891.47442357 1555.19295929 1254.59314241 1600.14850505 1172.75203766 1800.07338907 1520.89558373
1399.82035206 1388.06666646 1715.84291326 1881.88743864 1250.71735087 1824.20984094 1516.79474647 1101.39060319 1582.62179256 1166.33100852 1114.01352734 1128.97123681 1998.68900868 1834.25668096 1973.1438028 1516.35895003 1450.5149499 1986.70134433 1611.48725684 1496.23829276 1909.44027105 1055.85850185 1886.48357623 1774.7346877 1378.20130956 1790.78861298 1765.25067335 1116.30019177 1268.69560859 1880.77565877 1771.57596284 1996.61629257 1084.96580223 1739.6479262 1294.10671494 1285.60193779 1280.08293503 1962.77181093 1132.22998297 1503.93387275 1770.72223657 1966.46997658 1014.93278598 1726.10602283 1599.22557034 1402.80957008 1099.23533329 1495.45857316 1963.46775637 1329.68281617
1312.54051388 1087.58633228 1596.89422394 1462.6449976 1481.62457136 1513.16163092 1429.29652652 1325.97651291 1104.60666847 1797.12130103 1257.69621143 1299.95341572 1422.60796791 1904.61021876 1440.67775062 1635.75103292 1283.78551319 1817.45064469 1956.40303438 1383.25309145 1555.33762918 1091.47498832 1334.08632251 1757.93968159 1544.02009322 1634.35505876 1684.12384762 1661.52431294 1500.08522553 1693.60458446 1481.72953283 1100.17444615 1160.93399699 1521.44659067 1155.85681795 1452.36930532 1516.44616059 1398.0644796 1128.89554979 1641.30627584 1390.72843174 1944.54031306 1471.18977234 1516.48863523 1172.62431519 1604.63938008 1523.974611 1660.51042008 1069.44033285 1554.96129347
1318.7230495 1062.04152432 1694.72672596 1581.33025062 1379.59279744 1814.21192019 1203.55465793 1383.02460566 1047.14614934 1888.34483308 1071.19249801 1599.24820422 1537.77773332 1593.56357349 1485.77816656 1403.85882434 1417.46701624 1346.18607141 1521.21274022 1771.75454525 1635.40002586 1346.45526991 1998.14861281 1821.48413733 1383.14379179 1985.71372732 1210.36389762 1300.20195567 1770.43399213 1387.79910188 1133.67329876 1443.36626851 1106.2776121 1046.20422325 1115.80319354 1327.74698116 1522.43865509 1850.93099188 1553.84380083 1820.34708655 1701.96775592 1097.46278903 1589.67480469 1609.02627988 1652.36777515 1749.03663195 1651.90095186 1341.74427671 1410.83020546 1279.1717865
1636.61779517 1503.59913887 1580.98432437 1556.9784556 1796.45352276 1742.9022557 1434.30341107 1466.17182328 1627.27095541 1193.16110459 1752.46813462 1275.05071863 1991.4079593 1910.49799232 1289.88889899 1407.01475531 1324.11250755 1753.45701901 1937.34432751 1477.73511569 1092.98729967 1865.50718196 1961.87220406 1402.56532586 1260.32122069 1286.49763561 1700.45202063 1419.80112861 1376.59724786 1496.60264109 1167.01401119 1325.84328813 1745.51623243 1161.07840674 1982.01079068 1664.57523688 1675.03730482 1312.44133542 1438.47528707 1725.31886282 1793.35963731 1677.08574194 1461.49583669 1762.50872126 1347.75544691 1875.68974346 1691.27224609 1532.64476706 1752.61728013 1520.47826092
1780.57565874 1728.10951844 1765.79642353 1785.58791248 1962.9468323 1126.4595353 1036.36310575 1094.18167154 1709.38282269 1580.67802935 1955.53122133 1940.01460324 1135.49989427 1363.27883794 1530.21380477 1296.30760241 1817.06507436 1150.64925625 1941.82200019 1612.12995097 1692.36738293 1616.6481462 1886.69768597 1160.89384006 1566.15033405 1317.76395488 1822.78305781 1605.70297005 1131.82620889 1039.92947811 1216.49332611 1286.49306483 1064.40898333 1995.32865614 1763.35276742 1878.92960474 1820.52058408 1259.97950711 1311.95133972 1271.27728248 1157.12381258 1338.9835574 1995.19208439 1810.63171943 1555.10101347 1931.89792462 1148.1645391 1018.76152938 1878.98804191 1457.36526802
1065.42820948 1869.15576185 1236.05726507 1627.33528333 1820.96644188 1416.08178788 1726.15875458 1037.01064477 1742.54675432 1902.32432187 1378.93700273 1930.96873184 1454.94371392 1657.29724328 1246.29222047 1338.23946178 1959.38965226 1152.45816267 1127.77500573 1057.67880786 1228.92321053 1638.10838728 1224.93885996 1828.51347968 1334.42468821 1193.02884281 1589.01735211 1121.50383063 1249.65978448 1567.44557791 1182.90944554 1511.75922055 1664.41573918 1308.45135876 1967.16802581 1463.205661 1838.69857725 1599.9430443 1398.87126276 1093.00892065 1526.36639236 1255.07146868 1288.28573182 1106.87296645 1020.76330888 1284.07843051 1807.28877605 1890.10242504 1140.62429413 1281.30214272
1315.88603358 1407.11469068 1290.70507104 1609.95000229 1106.78779797 1969.89697203 1010.33843109 1171.34704994 1570.86730142 1899.73118898 1562.28790167 1311.02207846 1664.99491341 1348.16431207 1469.00346965 1398.79746382 1922.59857558 1583.4964939 1441.14370213 1885.61909486 1116.27745896 1094.53029736 1135.14816024 1711.20705812 1523.96825132 1038.87334805 1887.10822563 1342.53928382 1838.58821599 1910.62938142 1008.26885619 1578.09713205 1533.81149504 1157.59808492 1512.57787498 1862.94593119 1971.27453875 1399.99803922 1757.27677373 1469.94922524 1526.20457669 1535.75699245 1119.44459399 1658.74461287 1867.36850835 1071.11072748 1982.98745584 1076.35625502 1438.63291581 1811.90207073
1854.38422278 1334.75101882 1280.2104765 1819.35343677 1371.02934689 1991.50958611 1527.64810346 1359.02092634 1321.15646297 1447.66691133 1085.38842925 1572.64833409 1150.58252105 1590.58725816 1659.61579018 1079.59315539 1984.55314952 1652.04900751 1718.35565642 1257.99381732 1175.65781939 1197.14895246 1519.53515317 1845.47070179 1142.23043279 1079.05568249 1284.83875726 1356.74576964 1729.03863327 1385.25808854 1829.98136093 1712.22803079 1060.04186822 1872.80945042 1718.16824256 1696.44039834 1726.04186351 1422.09529236 1717.29734266 1849.62211208 1873.05659845 1506.32615082 1789.2978171 1438.02592795 1684.30711947 1732.37286098 1024.52059319 1498.35772443 1916.18671504 1938.03239634
1635.45165045 1988.60354834 1689.6243254 1150.6485859 1430.89993906 1777.33275689 1101.45647485 1749.18490203 1822.25936384 1473.40381073 1436.17996627 1107.05254 1193.8198961 1908.83066372 1518.15702828 1934.60385564 1957.16039976 1555.23920859 1722.93927178 1524.34861855 1915.23929373 1719.0995331 1458.38755104 1171.35355628 1762.40092152 1955.64953888 1647.38739516 1742.86353232 1549.16193537 1020.82963538 1744.25706081 1910.86187981 1017.9438039 1770.95039967 1458.76739529 1868.4748777 1464.05906412 1731.71947166 1279.77297571 1014.49730121 1634.87882633 1345.26730622 1226.33761377 1787.57061273 1206.06205513 1902.00467199 1404.79602244 1828.41655956 1520.93140544 1184.62434205
1328.88581638 1498.08712576 1138.76127437 1580.23702901 1134.25650392 1300.73849226 1800.04857067 1822.6199013 1151.12203223 1162.09973224 1847.55535472 1325.54302064 1160.80404986 1959.02632554 1603.2960045 1775.15440437 1413.54662106 1092.11384835 1057.91199418 1748.62498353 1824.23110381 1487.25828994 1654.81777181 1309.83544446 1758.8514768 1379.70167303 1327.28101828 1811.06582571 1698.29052161 1680.97147164 1393.3909314 1697.78584356 1138.52253278 1150.68659342 1092.99363641 1497.37329592 1596.77851874 1615.07433586 1797.78477429 1096.18727318 1719.58717341 1829.74418866 1712.05399436 1273.74109475 1406.65549801 1091.89957456 1837.23529418 1477.07942668 1575.07736952 1764.34957982
1922.33886478 1912.58967667 1201.2503484 1075.63082549 1754.56545403 1419.25367042 1162.26526146 1426.13107751 1156.07573004 1727.34220821 1915.91970703 1171.94210082 1601.1647778 1813.05718189 1607.53446487 1221.02275063 1895.89982791 1769.79390298 1393.39301468 1209.94713911 1558.2546277 1227.45116828 1140.64907602 1281.91799258 1271.85749962 1293.63136376 1446.699288 1814.66811479 1694.46068527 1358.83738051 1673.86817791 1170.00220334 1614.82948399 1753.43189196 1425.3801733 1247.0708973 1832.82983172 1642.97451631 1639.08448086 1226.49221125 1755.69054041 1037.13164152 1705.04570447 1754.44567443 1751.86559093 1794.78771943 1980.76005444 1474.13397045 1385.94506971 1528.73032053
1406.51873681 1927.00649266 1878.51090754 1193.74650548 1130.74335275 1036.43553461 1720.89732708 1834.32348815 1105.38325667 1124.76390757 1270.9693319 1290.29995087 1679.68063439 1761.85215265 1783.80089382 1203.64613209 1079.3821232 1974.4797318 1582.85564035 1587.90661537 1329.04195486 1913.24654445 1693.72710124 1771.80071605 1660.54341729 1147.29102229 1371.58302326 1027.87457917 1100.62159489 1604.62618613 1515.19919815 1996.58605962 1294.7807475 1614.1363434 1981.12902726 1689.90836192 1246.4740399 1204.37696434 1210.68782274 1222.56472897 1754.5477932 1426.74306907 1465.96803416 1121.13115201 1582.80084071 1728.63957319 1365.75848865 1995.58461361 1767.00496519 1022.62648892
1394.68860154 1656.50799617 1251.32118827 1297.84902218 1301.61931391 1016.87809721 1151.73202126 1178.28419584 1107.09637356 1495.51345806 1968.88709254 1505.46801841 1080.42737147 1944.13403305 1703.8384586 1380.75110032 1468.01600076 1832.11604246 1384.37184211 1724.20652132 1642.09195526 1263.32930555 1116.65078281 1140.30617874 1718.81664453 1856.63519506 1788.76612284 1937.56354754 1738.8215455 1501.95181266 1539.50104622 1352.80162521 1985.79414965 1110.52763182 1172.79776949 1523.93493797 1585.85772285 1294.38747082 1768.67474418 1661.12887407 1827.26069733 1174.7392337 1212.81331255 1764.57244369 1792.27942431 1925.93815307 1236.96285675 1928.42820273 1880.13569856 1948.56754838
1003.42711413 1977.51910105 1111.09866248 1172.72630869 1757.06679794 1696.13525312 1146.24507399 1861.73944304 1274.56224814 1097.66685688 1562.24483443 1386.45352053 1013.01164003 1483.1807337 1890.44942893 1212.14045477 1547.95159674 1114.65975929 1241.21765511 1215.64920193 1558.52420829 1098.21872904 1376.27393055 1154.60370743 1611.67214259 1263.88299261 1638.87152643 1300.53997046 1588.28188883 1492.3944694 1459.64967038 1484.57844293 1530.73954123 1973.38868507 1907.19610355 1380.53832898 1718.32629107 1528.29087125 1035.04908609 1057.86018949 1340.43009854 1006.31706446 1868.71578172 1435.28813399 1438.98971776 1888.43823363 1050.22072368 1111.48595297 1073.0292109 1983.7889847
1366.57697847 1279.87944728 1373.07853256 1015.88851649 1042.00957035 1213.87707093 1316.77077029 1590.15317303 1236.63269373 1473.01133828 1237.17178827 1181.84449304 1757.20123222 1459.83848722 1591.54247636 1279.34555242 1253.1460396 1566.46124468 1068.7446492 1663.19767473 1570.55232612 1917.05636638 1433.99586531 1983.91867186 1975.77182329 1176.38141872 1601.71031693 1753.96236409 1581.35953242 1091.68003082 1514.87846031 1047.91867199 1505.12479134 1421.47685703 1085.52222533 1441.37768244 1510.45775973 1494.43659673 1249.52178109 1572.77274387 1771.78617703 1457.31160341 1866.60327572 1766.77375945 1825.49122513 1581.63408277 1041.07784599 1060.38152546 1751.25163373 1852.41700652
1215.86292683 1002.97422449 1366.17601971 1522.08412529 1005.43515783 1736.76051782 1248.16135159 1188.61911111 1936.49409458 1493.0664731 1336.24155547 1377.02651195 1575.81939835 1133.8387723 1046.46336976 1270.31371329 1589.19481818 1173.31342146 1129.8316764 1921.80069714 1630.57180695 1738.48375978 1128.0234921 1509.55124393 1519.46699033 1640.52859071 1780.55083886 1666.3943032 1735.26685558 1042.95803894 1112.1461492 1397.88685666 1418.47371176 1714.06822351 1572.99664648 1252.93951303 1806.55977123 1110.82466053 1870.80422244 1558.64259366 1524.14904604 1576.84678124 1061.0004673 1145.76219143 1422.51421593 1828.51647219 1259.00856432 1308.42201899 1446.76472511 1033.30652837
