Algies/Shelton_A3/testFile1.grd
ncols 316
nrows 316
xllcorner 0.0
yllcorner 0.0
cellsize 10.0
[rows 207 to 229 of 316, columns 50 to 99 of 316]
1523.82159486 1762.22704589 1577.85665089 1479.19311486 1227.15401606 1570.63973036 1747.73006423 1465.04002847 1861.11593341 1687.53114581 1561.21234404 1279.19812223 1766.81588113 1842.44915366 1632.0565037 1150.61492443 1553.02366439 1978.66800082 1511.50489863 1078.02936598 1512.02419781 1543.30041006 1072.12612315 1727.89326607 1855.51917245 1185.4730289 1267.91773754 1087.80866214 1834.17785098 1746.05471366 1666.02965971 1973.82264714 1476.67602233 1785.38249273 1723.12633135 1342.69576469 1637.55259007 1129.18481627 1468.03845926 1073.96128536 1695.20535787 1970.78069026 1820.37041079 1290.98217594 1527.46134608 1912.11141497 1498.45820393 1819.14013923 1522.91236939 1751.35729065
1004.43536817 1957.44906998 1002.79006576 1922.01802392 1142.3479504 1427.33809181 1940.02009859 1854.35811033 1207.36762738 1745.54738553 1002.44763152 1643.74484788 1840.2428023 1553.82883372 1805.30959003 1091.46118573 1914.9762514 1588.10967441 1908.76056246 1047.99478398 1244.27517269 1057.35004092 1764.87472609 1807.36119117 1091.1324289 1744.78328856 1652.81002279 1560.06842885 1999.24377672 1633.3665267 1639.14023904 1346.06606177 1515.13776564 1469.73969139 1153.85880115 1705.01889358 1925.14260923 1011.3933166 1182.76685735 1114.12637841 1197.7563573 1457.16124621 1756.54670833 1109.63518485 1974.15811918 1658.87354646 1516.90801247 1430.44702462 1415.5727492 1828.06520848
1090.12648625 1014.99200667 1134.15300509 1326.22718239 1802.80260324 1145.23631292 1047.20850963 1726.37172749 1341.51245691 1244.76293604 1820.03064434 1909.65843859 1484.41175246 1270.43051914 1649.58730672 1623.72726498 1628.51195834 1047.02464382 1960.99684644 1152.03443022 1155.68737992 1762.9996019 1130.13222266 1745.2021906 1894.5907124 1019.01989288 1987.49116081 1430.42628154 1125.71468889 1779.84786733 1919.59673465 1491.72388107 1690.45238673 1129.75874456 1297.90856722 1921.56515852 1053.17515784 1503.20577044 1291.93292148 1576.61682101 1360.34897137 1844.58061574 1247.19261796 1865.96480051 1851.5711187 1086.24054721 1409.19925741 1038.64615184 1441.96698532 1602.36219724
1209.0735668 1579.21672609 1437.77689574 1706.98061603 1610.63843837 1988.83675608 1856.06904036 1789.45425576 1303.68375526 1450.7780883 1957.74043838 1809.64628978 1862.38421571 1206.40453219 1782.54986464 1026.02037907 1875.63634972 1051.00404324 1486.81714521 1795.56507529 1425.14415375 1215.46194652 1388.62754438 1633.68064514 1754.04578633 1435.58543859 1714.87635117 1390.8043704 1665.10380736 1961.06262195 1160.15322499 1991.65286255 1424.11401872 1031.43156218 1852.57942678 1837.74375224 1180.47204262 1683.27722319 1148.14283059 1676.49624882 1412.55519512 1130.17305971 1374.5713667 1996.93418822 1577.2559544 1854.69367518 1830.91772549 1801.19943894 1703.15340543 1140.07578745
1574.79498998 1755.54156452 1257.48401342 1716.09832588 1141.44127596 1470.44023822 1576.83798409 1399.38391699 1420.82319401 1182.50771041 1250.0863538 1799.80354978 1580.14765445 1391.26204523 1282.35535666 1963.76973623 1274.43258357 1217.2602194 1492.19849753 1538.31506203 1145.40006242 1508.84538799 1317.16326537 1824.09420667 1608.87310869 1770.3273217 1502.01402352 1808.15001023 1644.42017352 1231.5413324 1299.0726972 1540.50288722 1225.43415959 1467.56426563 1663.4534747 1039.57669309 1248.76487979 1332.05138103 1111.99032507 1150.2958209 1035.49982964 1346.62734961 1129.82010225 1196.64077415 1849.40349248 1241.09154366 1445.9134665 1607.64378956 1397.42243405 1067.41842393
1397.97283804 1956.66895682 1763.01440758 1074.22158444 1989.93433674 1032.09601144 1197.43610779 1132.13157843 1410.58434896 1697.4601992 1683.36544957 1282.12298965 1562.09857813 1380.01170311 1061.06494734 1340.63206299 1639.57877444 1953.15717981 1551.35582865 1932.62964309 1749.64664873 1903.57369252 1546.5686086 1124.17570133 1936.18702425 1482.86227002 1238.89866128 1285.19478247 1273.20317685 1447.23133499 1173.6300516 1480.80196378 1856.23488353 1997.70120864 1892.94766334 1331.57078952 1886.32196495 1704.09904809 1452.93132573 1923.00100449 1479.50340276 1524.41119474 1427.72960688 1733.36781166 1461.52328187 1918.0084447 1836.04544608 1382.97319991 1221.89192933 1955.59267961
1048.06286909 1056.60295942 1793.99060621 1865.0762078 1765.20833619 1269.70860776 1275.14374363 1073.76747538 1256.74698135 1598.30648629 1583.540682 1168.86007067 1855.61986342 1548.82607953 1629.08056512 1412.72952855 1125.04841687 1297.4636197 1083.65069571 1057.67146568 1647.30531232 1336.12604625 1104.4479929 1573.08032348 1658.6889913 1669.7495588 1477.42599459 1208.70932758 1924.57397819 1551.38864612 1198.16024424 1622.47004008 1680.01820569 1736.257774 1428.72755012 1833.39756252 1759.90589542 1795.02748817 1375.36482179 1382.16730996 1976.77731299 1242.34480363 1985.32141422 1193.18614585 1900.75822619 1017.86428111 1818.13254412 1396.85181013 1147.37746011 1148.47365711
1664.77696659 1503.54311966 1686.2515377 1756.7863429 1665.95589606 1598.04005053 1515.00598836 1603.33222022 1548.91858415 1276.58380996 1269.18994957 1805.45240675 1491.95661126 1915.28442926 1113.1640708 1628.47416782 1108.15671288 1343.8799199 1417.64425217 1620.1023712 1328.67066929 1963.92250377 1453.0874441 1334.90705743 1583.50695797 1690.67469655 1418.40342472 1848.98007187 1474.94033096 1486.15354999 1872.76791887 1268.14484369 1089.91613949 1568.06180604 1002.00233339 1840.96691901 1983.35179855 1003.68407066 1944.3918993 1522.72501005 1889.52504727 1751.47138702 1153.04201349 1072.81780217 1679.66165191 1048.81316315 1591.35703283 1233.58042813 1978.40860875 1796.08289063
1090.07807107 1046.71220534 1610.09981913 1138.75541704 1595.52604937 1941.08775583 1299.52121372 1620.11485489 1523.7556375 1738.56437393 1760.74565151 1023.47140647 1388.53078412 1833.77334524 1845.67950914 1673.92644744 1607.73850046 1999.55179312 1938.37078909 1488.64481506 1404.13026364 1131.51818804 1991.37588036 1737.10489884 1497.16438422 1784.7804123 1955.31812539 1557.84427708 1998.16517114 1469.42345981 1458.07641216 1651.09194035 1326.67951841 1676.34043583 1934.54153436 1556.11004851 1091.15670733 1440.08921866 1493.74994797 1542.48338388 1133.1104758 1116.711139 1141.34070644 1241.41560015 1481.66875911 1458.35276885 1167.85582307 1709.92863264 1366.49065797 1338.34278394
1281.90826159 1329.01647117 1463.24330941 1057.83160599 1596.11554617 1271.5510852 1134.76883509 1436.64107586 1767.79031524 1264.02388811 1218.87463594 1532.5383221 1413.35897431 1404.50920294 1542.63781169 1938.09385115 1513.88561073 1551.06724098 1433.50609705 1688.26454529 1086.99750866 1334.01003385 1657.62076306 1511.65044591 1353.52078658 1487.02834497 1019.17231255 1470.57248381 1249.6531457 1136.68988924 1663.10017773 1924.81891111 1541.92805105 1310.05044527 1934.04668756 1263.69303232 1307.7564241 1464.91396163 1253.22634864 1312.95953924 1485.64783127 1602.67471694 1423.01930664 1841.95591134 1284.70973825 1101.68735272 1372.6437898 1247.01791962 1136.37304518 1923.64665364
1619.43602423 1122.79386035 1687.87270505 1276.60845803 1303.68761212 1478.03091922 1086.81707242 1072.1739989 1504.74248741 1185.86220076 1840.38122665 1337.05915823 1115.19772136 1206.18860154 1702.00035907 1911.41215804 1877.10611461 1218.61950073 1357.21261797 1763.43433458 1663.85405138 1435.25317046 1650.99972724 1939.09942045 1685.09978166 1824.61146771 1052.70339085 1351.096085 1953.18336922 1564.43859284 1785.53773602 1896.58820162 1967.96184762 1188.65777514 1127.03978929 1897.86152382 1469.15980544 1776.53930106 1918.29531272 1338.26000878 1608.10736895 1635.35246834 1294.22910029 1378.81336089 1487.38280236 1958.03096686 1488.53154327 1323.31447938 1827.99213896 1477.85816781
1095.03393615 1779.86001651 1268.92985563 1005.53629661 1411.1155278 1193.53260403 1571.05060522 1523.18951967 1533.15201505 1667.84208915 1647.15364114 1146.61646916 1029.83105078 1640.04049988 1577.94050956 1984.80936887 1980.02590232 1689.73291046 1559.38846541 1317.93387574 1914.70800562 1745.60730188 1296.27553484 1280.556844 1246.17527295 1946.54906385 1943.34162684 1980.34175488 1229.8244954 1994.41978735 1928.01875937 1241.99994254 1434.98994259 1614.96123708 1219.61096798 1045.63134905 1945.89346305 1259.97220153 1831.6467676 1679.45815348 1738.61021595 1403.28449209 1013.89674305 1663.33436538 1960.03607138 1537.56479747 1863.5976588 1829.77172841 1015.45925717 1549.98170377
1032.82109927 1261.2850959 1683.23080972 1534.48480848 1214.30878421 1755.81731534 1785.41355588 1143.65948194 1063.97256988 1080.89828063 1820.810013 1526.99502114 1631.81393928 1324.61790373 1509.07572785 1955.00717883 1818.50134533 1029.10990961 1152.53365676 1409.27826756 1618.27862266 1438.88101073 1475.02763252 1897.11186212 1341.3039583 1331.67866052 1731.26964644 1425.57551359 1312.9061998 1700.60478938 1846.85041802 1655.51599843 1666.64552644 1987.02540002 1360.37637326 1967.37491514 1128.34874206 1539.43624801 1666.73155271 1435.32856831 1665.62234564 1729.24464193 1068.66847101 1719.05549218 1442.92180483 1926.92100691 1661.68637148 1762.81156404 1074.42735523 1021.95846887
1147.64798207 1857.71971307 1726.72402208 1566.20928678 1672.98878182 1301.77244689 1856.27835083 1497.0905459 1626.8782679 1943.51633061 1534.33033634 1369.10968475 1988.57893372 1148.85626132 1811.98146864 1966.59212265 1630.59439971 1715.24619047 1610.78918447 1546.85712517 1101.18995957 1047.65480776 1353.81885936 1862.6798825 1538.17154373 1592.69740168 1021.13862013 1335.9129553 1909.65239256 1665.97090787 1292.0858907 1974.21316443 1458.11811634 1599.66115055 1106.20122952 1066.13220309 1665.41374693 1589.82916818 1116.12019386 1558.98916664 1940.70233541 1230.12999215 1083.06998371 1944.16181568 1994.10320625 1137.6440889 1657.39622847 1580.66451688 1929.15832031 1009.71910163
1903.71351132 1237.40597589 1722.52777638 1610.55631349 1877.97149756 1651.5378097 1751.26315135 1872.65393313 1212.20445402 1341.11212377 1753.13021719 1399.48902935 1344.34735006 1550.08854331 1796.16198431 1044.5586956 1740.26826773 1945.63540392 1800.80180511 1860.16378434 1790.90414286 1961.03745394 1458.07845149 1239.40357405 1839.33084956 1342.08500973 1647.53614217 1739.15503011 1340.99000904 1302.99734084 1689.69843541 1303.00662068 1177.00090422 1287.23132339 1221.64393071 1229.62738107 1561.47948321 1877.31377696 1851.97384047 1917.43359433 1801.46083689 1438.6491671 1842.14182936 1350.47218396 1095.33824094 1218.07488423 1156.92805227 1591.27540478 1493.4318122 1879.12483425
1256.82853256 1910.24132192 1725.43097901 1425.42954309 1349.40692875 1700.27391598 1114.12042225 1834.33586238 1822.26310031 1764.32475975 1678.84484936 1227.44271727 1469.09762603 1016.71340006 1223.23537278 1528.52477179 1754.50803285 1232.63194081 1299.82131028 1906.28143345 1839.26889114 1486.55177206 1496.45479231 1329.37501939 1433.14181329 1730.05840129 1507.60432116 1676.55546754 1542.54854023 1580.71136529 1948.88055125 1444.97692822 1853.55941093 1296.40820183 1595.59302151 1397.89665806 1293.33369569 1789.28394386 1649.8734546 1335.43263121 1755.62812447 1986.45418785 1430.11687373 1566.43808644 1697.27009982 1619.5004111 1346.9428139 1613.22994425 1487.89247676 1429.86309778
1683.92557261 1289.92621593 1716.17008929 1396.51479811 1295.79113571 1006.34389985 1112.53520961 1297.76518383 1612.74741594 1688.82714225 1796.7782035 1003.78193757 1898.03611876 1906.1460926 1946.38423572 1738.60954064 1386.80921091 1185.57204116 1186.13565775 1353.9896565 1109.63014479 1141.83011103 1161.04247408 1874.79836736 1221.4142736 1562.58958287 1800.5041544 1791.78690848 1800.45762868 1393.06809038 1573.46687514 1927.91634384 1158.14619002 1290.93378856 1086.9442253 1810.48870281 1537.59402033 1682.39973612 1638.29543833 1479.73045296 1884.37028717 1883.34373313 1909.80349446 1365.71048362 1307.85789981 1853.81303281 1483.09217844 1179.06285227 1173.21892472 1900.55461652
1925.17800262 1179.33312081 1065.6198899 1323.96437045 1057.86410359 1493.06899807 1514.73286175 1251.62474808 1665.16838994 1195.30650121 1145.77561734 1746.8242406 1404.17845187 1884.82194458 1351.81944341 1906.85159399 1887.31269598 1964.09571533 1992.38608114 1758.67228342 1692.45547757 1247.27501014 1159.12225066 1203.55077566 1763.56310065 1588.35313154 1291.3998535 1020.50634218 1173.64129646 1841.72457643 1396.27634389 1486.49128069 1321.77587957 1448.18875614 1052.95795292 1248.11026179 1401.41331715 1333.98723903 1034.08930401 1407.42903306 1901.98963018 1890.6739187 1368.3339929 1406.44988645 1680.51780135 1839.2086696 1321.26788943 1642.66147419 1077.83736819 1789.95309143
1815.03653685 1969.81754863 1506.2016333 1512.15909121 1697.549672 1716.68389845 1633.52194679 1139.2983894 1209.56504415 1555.66047928 1106.31296735 1480.67641464 1781.91754858 1521.88658894 1470.05281223 1453.49414968 1062.81160952 1591.35309411 1709.94372336 1235.15327343 1729.79525574 1454.41418537 1470.18953678 1018.17078683 1286.72637986 1715.26608091 1059.73427772 1479.26962641 1864.7429724 1281.47464782 1170.76642699 1239.56712884 1068.38927767 1613.93899538 1880.86080137 1010.3323667 1491.67017666 1347.59012313 1242.39947058 1169.08488253 1822.47375639 1122.70329167 1068.25453725 1909.94210729 1059.37494714 1750.93341857 1284.51133175 1099.94182617 1842.77846246 1876.99374328
1520.92269379 1654.73210649 1731.08678616 1813.91560902 1075.87798738 1728.43162276 1126.55505479 1226.6868289 1194.18098501 1870.44694165 1473.25536294 1743.69233475 1383.7026221 1606.55423647 1265.70804197 1281.08570973 1302.02528543 1688.66947741 1188.77982638 1438.73688844 1402.50637021 1365.70871347 1484.31692245 1929.56723339 1839.16475677 1996.43820613 1756.6870889 1395.10928352 1021.3144907 1779.99048684 1250.45939448 1756.84048402 1155.41280821 1136.33106205 1874.18416444 1420.19691206 1205.16805206 1767.43805312 1059.97229683 1004.35558705 1064.18530484 1467.11468378 1016.60089439 1114.67813061 1887.25695053 1617.81314663 1837.65482624 1242.46846218 1454.20954045 1141.61153815
1793.60496577 1318.38167073 1789.19129948 1878.42785467 1959.36546645 1607.02765163 1867.67347001 1276.83800086 1381.82068251 1118.44969566 1927.41053324 1779.4357561 1848.3581512 1135.55287888 1321.3376254 1837.08259948 1098.81216503 1595.08086118 1957.48257073 1347.35947473 1761.63594865 1974.11963395 1658.13239881 1115.9698815 1347.67991474 1006.67219704 1259.9808473 1474.13655832 1747.34186107 1297.48206039 1391.14394104 1314.54104845 1924.29361522 1400.78659339 1944.69013254 1103.39255051 1606.51518233 1843.71875418 1651.13614799 1783.40477212 1720.96010433 1354.78389567 1274.83908741 1292.01730218 1484.64775234 1543.98616138 1877.40979167 1092.57974144 1670.71931293 1043.00244296
1258.35205742 1108.17978408 1739.58498572 1108.59848779 1187.64524296 1453.24007885 1883.97155702 1307.44454478 1391.76427308 1806.05949693 1514.53965735 1959.77761457 1708.79981225 1607.66410376 1448.64817269 1425.25713518 1027.47943189 1886.13255187 1821.99351537 1361.33736669 1921.82255544 1302.74524054 1747.69141964 1173.10888731 1330.48880807 1907.95807486 1974.39971208 1282.4556435 1377.73929427 1864.94417378 1874.03492807 1167.65413509 1799.89444936 1104.39036634 1256.80682629 1441.02948133 1348.39688152 1566.09093971 1336.53469799 1960.99643903 1462.35552807 1099.12239335 1080.41976579 1275.52123317 1595.75073828 1151.74932748 1943.11672325 1462.92211896 1168.44589211 1548.91679388
1818.96541766 1613.64003792 1560.26175126 1878.09627953 1740.15919369 1391.45437421 1130.59078936 1477.41994574 1995.55716885 1456.45929563 1321.22805828 1163.97490011 1951.67111885 1632.19486186 1652.18574298 1485.85301902 1555.65042274 1904.89027084 1836.48302982 1699.54418534 1600.96074634 1003.70011402 1078.94522153 1870.22605348 1432.16801288 1817.51686647 1994.81776343 1177.27647796 1658.3642884 1250.36201868 1432.01437389 1205.44495203 1132.99117018 1846.00136142 1834.67229737 1015.23715803 1044.44152264 1000.14910851 1246.78073084 1811.06220092 1587.88834058 1468.54379142 1484.73590219 1770.33285612 1050.68280042 1173.4340565 1437.64566061 1614.70209693 1987.58947992 1371.41951169
