Algies/Shelton_A3/testFile5.grd
ncols 547
nrows 547
xllcorner 0.0
yllcorner 0.0
cellsize 10.0
[rows 299 to 321 of 547, columns 50 to 99 of 547]
1972.1354421 1788.0313404 1476.86830008 1851.48490918 1063.21356349 1547.87537211 1163.16645217 1496.80031318 1808.23315217 1020.90274597 1099.03478191 1992.75234801 1052.81658277 1986.8183154 1993.43870665 1142.2532321 1403.73975568 1241.21800909 1647.07625844 1242.00199336 1853.87366692 1871.81752101 1762.01643948 1676.95568915 1410.02181342 1811.45882388 1311.65112358 1297.19164266 1044.5753764 1473.39832005 1016.06126126 1149.17114086 1089.5160348 1290.31662754 1756.1993473 1934.57555276 1219.61047296 1628.20044942 1756.3178627 1158.58380561 1091.91446325 1258.43864937 1397.83171085 1059.29978185 1266.00666006 1850.55818274 1607.28237973 1920.57165956 1502.59337566 1114.82833715
1340.41205096 1594.00014292 1039.79107433 1099.86182076 1365.40874346 1003.75997528 1346.98646078 1196.34113296 1266.37272926 1213.40203653 1971.23006812 1793.29387099 1257.38523514 1965.38438119 1635.86418632 1793.20621675 1206.39790023 1318.29798419 1640.43424953 1606.60015024 1000.25089718 1726.10424188 1807.35207417 1180.70981018 1124.6689466 1563.91798927 1738.85797992 1154.8778217 1527.82781654 1805.63109496 1968.78677708 1249.2109818 1111.18798397 1798.32561395 1733.74287878 1161.10500658 1299.60717438 1623.01342173 1213.04666031 1166.24753613 1254.63550695 1773.14398163 1748.99409746 1517.88808904 1431.1577281 1424.99475885 1507.21525021 1470.3660369 1673.81477033 1387.59551303
1457.75222919 1093.59843031 1337.92705973 1563.17212278 1797.20605506 1780.45220244 1490.46246856 1072.73734701 1340.03191288 1327.77717249 1327.28007372 1419.10849775 1248.55010916 1178.69459748 1869.60836411 1127.04214309 1395.04528644 1794.23382663 1180.24405346 1738.38738981 1707.520499 1184.76732162 1228.72508363 1027.19473924 1928.58569982 1469.52102711 1248.43516824 1026.41938768 1282.20369814 1559.34390418 1490.03297514 1245.81580077 1012.41577914 1369.1956723 1305.30764402 1464.50851556 1829.04497426 1194.84596006 1255.75182018 1966.44879515 1146.62368282 1639.21211303 1353.2355114 1020.78778621 1367.71579506 1086.16494625 1290.00013513 1451.72086009 1793.81085054 1427.54604396
1245.91534283 1816.10578403 1520.82752516 1565.32055989 1944.71963681 1439.3191286 1546.33295455 1095.79734203 1334.65089978 1765.05776363 1004.97046511 1610.11256574 1958.8925678 1528.94933492 1396.53546135 1804.99337253 1297.945494 1109.95581562 1754.10310565 1877.20751273 1259.63276275 1639.51261956 1515.46191423 1504.5958143 1412.76347433 1332.24672498 1387.06729541 1791.08740646 1580.46596128 1038.85019643 1283.57696531 1116.76058802 1585.00712016 1935.76868277 1682.40359456 1395.06032053 1861.2248171 1090.72262497 1896.49561709 1325.96200836 1898.74661436 1227.18223457 1287.32014079 1204.0719532 1105.93920439 1964.13762809 1738.18434682 1911.32518621 1764.40321437 1319.7735968
1603.01932174 1547.97471879 1188.66942796 1144.76487635 1733.50045913 1121.79744577 1520.75219487 1068.66566365 1783.23335889 1062.52549182 1923.95333688 1509.49208967 1166.14461313 1397.32670971 1160.18432185 1346.83959664 1163.34341098 1226.99765287 1141.73593688 1818.95267277 1651.69050904 1263.59185863 1881.36155779 1435.49639651 1009.05883439 1682.90695488 1297.39683475 1944.06015547 1106.87249784 1950.38271911 1083.11863111 1592.03072858 1951.21220322 1281.29904287 1941.25887491 1009.80735654 1913.53418884 1455.01612996 1721.19892467 1396.0301698 1814.94926575 1996.73177297 1116.70241179 1535.88031094 1444.47117178 1756.0013421 1841.55720535 1618.49958745 1279.96112179 1778.59017287
1844.49255684 1611.80361316 1216.50665476 1916.11603732 1500.71949581 1062.97363135 1171.57304482 1761.74890578 1141.16397689 1350.44861793 1269.01323061 1753.20347721 1666.75384469 1804.13169648 1527.47664317 1670.40438245 1539.37368467 1889.32467914 1572.68981472 1214.48765965 1617.07898561 1698.45498231 1722.25985239 1885.63976178 1693.01917099 1204.87715497 1796.2199598 1475.54975346 1225.98873479 1966.74372245 1510.92845028 1420.4052082 1810.17197774 1512.828238 1556.20634596 1415.92798658 1640.50316591 1332.71005309 1414.13981909 1669.84363586 1756.10136069 1627.20517304 1282.25989781 1682.85691621 1126.78797676 1412.89335911 1747.38882167 1860.84274282 1805.83942121 1361.50973525
1859.33735829 1652.73170081 1871.23420044 1554.68072465 1042.14992492 1825.25216899 1921.10223558 1941.65181921 1681.11562759 1049.07374333 1187.38658537 1025.65149374 1212.16980376 1669.63331943 1571.71594296 1030.75234837 1096.99612573 1645.52430719 1913.85926588 1561.26063596 1463.27316496 1910.27720481 1848.23507439 1929.41381858 1582.38938434 1716.88008566 1993.09070924 1569.13003161 1840.57515263 1381.25250075 1253.50057189 1719.22885928 1009.84547885 1805.21209714 1412.82489443 1374.15046233 1074.71230364 1791.73772585 1409.49732774 1592.90782885 1452.9739928 1670.19768677 1410.13626785 1917.85813619 1548.49513846 1487.8534337 1177.40790578 1973.49142359 1579.42389224 1797.90479379
1929.87909313 1779.60392455 1028.29218786 1397.55156756 1544.15386324 1790.08816541 1612.23132617 1532.03253948 1820.02823146 1686.9558602 1883.8261191 1141.65620485 1415.38174017 1162.5962753 1147.45126518 1801.5004706 1654.54531269 1631.20238338 1760.01155019 1361.74161759 1889.28013371 1353.30045175 1780.54829096 1535.79535361 1492.83499465 1897.91118365 1605.87973926 1690.96932933 1902.21605987 1438.05961192 1683.08330864 1027.66316594 1054.0692811 1865.5303777 1455.70183438 1318.85508616 1268.75323328 1300.82552192 1458.48316806 1725.28678897 1496.31205884 1547.39568648 1948.06360403 1764.99565547 1080.87358388 1567.80065855 1579.22982786 1197.69026187 1783.35808795 1732.99373726
1381.02397531 1902.5313844 1658.31676835 1990.91628619 1653.57949719 1155.68844838 1229.94791643 1515.04296076 1993.61143699 1113.93880636 1303.93303404 1803.90081079 1257.29140828 1119.54538771 1925.48347117 1435.85094936 1270.75696933 1350.34734564 1479.46073152 1437.51720391 1498.9992865 1790.41221937 1745.41762046 1965.77218685 1527.42701072 1719.48266863 1760.04826845 1171.30402365 1942.24902064 1762.74975002 1106.71505148 1875.82952246 1314.66842927 1257.06077586 1518.29667711 1588.80894724 1467.79443414 1214.09537945 1322.5133338 1008.03819465 1300.60224459 1537.7489475 1016.44026037 1797.05999681 1234.95374453 1514.76648478 1913.26629059 1565.39488732 1639.43068536 1170.84224515
1798.04430706 1577.3551237 1377.59656111 1177.51622884 1147.18372213 1246.53244205 1038.57132255 1486.75112686 1022.3405134 1339.13300732 1610.73879273 1580.12204165 1717.15096565 1674.94558676 1990.27756422 1776.14298569 1251.77484622 1297.39191459 1963.08851662 1298.72080466 1632.22158149 1309.20756155 1472.5353893 1446.76657122 1193.06972466 1578.72986471 1933.28026902 1186.22101608 1260.09693106 1809.07183795 1703.58960767 1720.00862344 1569.46858093 1288.53735475 1382.14477298 1890.90221106 1643.7102172 1020.17142107 1415.73950147 1837.33907239 1912.63710459 1509.1078514 1199.09014519 1007.06658502 1528.30334686 1823.02143028 1288.99329799 1542.56343229 1372.5774298 1327.66091271
1962.38995149 1921.05176157 1464.82545254 1343.29898485 1135.6519825 1158.08450478 1363.80452897 1522.14582934 1501.38885029 1254.63854079 1515.14192748 1083.80940555 1844.63805825 1612.82587606 1408.41785375 1777.72247572 1914.09845751 1684.35209042 1652.04027992 1860.06265715 1512.43152907 1594.33997091 1342.74559267 1539.71295868 1319.48475085 1701.67335167 1014.26147546 1503.85828725 1047.02162986 1014.51340247 1030.87298334 1483.7130253 1477.84231692 1268.53733943 1550.081134 1797.42192987 1649.08689439 1809.58756347 1439.73834969 1839.77163025 1670.45357049 1405.68205137 1502.61941119 1161.55780768 1301.618731 1874.75596891 1802.52518034 1552.95339822 1102.35692723 1485.79466269
1429.17946854 1691.20646473 1082.28769957 1832.5846307 1717.49567138 1168.5293317 1770.26953433 1579.41045468 1219.15254116 1613.6767309 1027.93962393 1034.47079367 1916.7532904 1488.47913521 1009.95631157 1717.08571766 1357.40833542 1191.10185364 1859.01763431 1219.9938878 1926.12657676 1413.0075639 1840.31567965 1570.40686928 1041.49401988 1902.19227113 1290.51790329 1809.80921666 1778.66601702 1450.55653184 1688.93465838 1052.17472305 1986.42834676 1140.20122127 1002.0743905 1530.06600464 1367.9293697 1949.02651467 1157.35271685 1060.39756266 1675.34969286 1353.7392536 1256.82742251 1715.89632771 1033.27946625 1087.3305619 1915.27330063 1783.37148245 1245.89948577 1727.62497972
1098.12257389 1159.00439001 1562.67889349 1193.20320091 1927.99190206 1684.24443323 1251.88943885 1124.6192657 1035.93043488 1899.16948113 1428.13040176 1699.48062827 1628.82662535 1114.38013767 1799.5726583 1580.33027225 1740.45191459 1791.66156666 1649.5734753 1597.06547146 1877.65975786 1640.73879743 1753.81920114 1848.4260658 1711.61309844 1956.665664 1397.82335698 1635.07251221 1627.41052291 1248.02306865 1069.06745866 1404.0886128 1711.45630403 1498.28855877 1680.74299527 1530.04065147 1299.34725707 1863.590131 1243.82731335 1953.01070441 1958.29967107 1575.52619952 1333.62191972 1770.66308474 1786.64219671 1124.99007379 1764.52055245 1123.02018872 1064.6677243 1031.67278699
1580.45489468 1135.82329788 1470.84987422 1134.14904583 1568.30829953 1171.34772865 1093.33941748 1324.29366273 1048.61179739 1966.92228157 1277.8234825 1592.16796158 1443.74912979 1096.82827222 1077.71112893 1513.88884206 1708.0259767 1073.83351959 1308.78722708 1254.2242907 1134.06642509 1250.78149504 1642.59082343 1889.00073868 1576.88572026 1573.73145857 1326.93701792 1064.55819689 1417.51010449 1233.82689812 1717.35356591 1264.96299044 1212.33327676 1154.51605636 1157.67437972 1920.77194464 1880.8109495 1754.27014135 1402.59033891 1323.74244111 1222.56757797 1863.42194175 1080.92291787 1339.03476374 1045.77044824 1863.76942368 1545.21599018 1265.74486424 1645.57052046 1190.53560151
1748.84813534 1526.3507465 1897.56898293 1438.55666524 1143.92576952 1097.21752996 1041.59966905 1987.29871709 1465.16332662 1660.11620676 1812.45804435 1779.35335664 1860.22655779 1673.5738393 1494.33611058 1285.17068046 1006.13742275 1295.10369579 1759.769395 1355.98439134 1882.6421733 1437.98067308 1371.74993945 1069.41374529 1046.61965821 1751.44561882 1174.14646378 1841.1114837 1248.24254797 1641.29541457 1626.02547035 1224.86239312 1040.32018485 1706.9782724 1555.39876139 1699.7349974 1641.98312772 1988.91077585 1595.9774433 1674.0192965 1796.4692865 1340.50977928 1624.43178256 1317.58416225 1212.06375403 1794.63438419 1235.99814133 1642.43148331 1463.72767527 1730.72312374
1398.66240257 1891.97318943 1944.8046004 1569.22754863 1076.24666732 1936.62261852 1014.55781698 1215.10802099 1889.82482655 1584.7194975 1403.34750536 1927.41528238 1843.50251889 1549.58274434 1355.27412496 1324.86289587 1462.30524578 1662.17235149 1300.74815569 1070.22175071 1929.76450322 1365.5603002 1434.64313063 1800.31484319 1620.83127631 1797.87343425 1903.62512667 1444.18027437 1634.68493781 1003.77063982 1652.55703556 1531.56020149 1931.75568657 1650.14925966 1629.01328436 1552.24053949 1592.11224306 1302.51116337 1615.40726952 1978.17004014 1653.32044044 1431.22854243 1815.62655446 1620.30060096 1070.8822211 1660.25576019 1098.69057723 1437.24081827 1419.2434605 1735.95634782
1148.23224897 1488.343789 1286.85675667 1077.18797031 1906.3988435 1895.87593799 1060.53756296 1633.55427663 1996.02803984 1152.82955462 1598.03839528 1135.92133863 1428.92057803 1111.97598239 1265.07437175 1464.07176999 1865.43451645 1282.01700192 1025.71898717 1285.04075235 1204.86223019 1187.89141583 1910.29987198 1193.42100356 1915.36230948 1483.04366293 1056.58990975 1806.81125844 1281.63570344 1834.55002307 1655.02276058 1805.01897281 1192.34307676 1023.41953579 1495.13172893 1913.97376583 1965.33845637 1476.63841422 1666.3886905 1904.61266853 1922.32485657 1281.04521554 1625.93465701 1267.09472887 1362.82114819 1219.60523275 1960.14956316 1551.4752534 1998.06494892 1768.85673078
1612.89325133 1236.66481292 1158.19181137 1931.19737057 1163.83854189 1405.50427881 1968.37514177 1111.39245287 1511.57811745 1767.92659529 1774.35441709 1793.58159876 1975.34669436 1837.79623971 1393.63770726 1731.40295351 1415.03967786 1968.22590464 1557.07196785 1240.88728389 1358.62843477 1356.18913508 1471.34851556 1379.84334374 1046.2148728 1314.531371 1959.24199146 1176.94446294 1493.92133359 1668.19990049 1680.36991664 1127.80612794 1275.76254577 1538.48117184 1703.22455365 1495.71128287 1968.106923 1067.58941571 1064.04367355 1937.49329579 1347.10744227 1632.43400314 1339.34662794 1416.19097355 1358.29607899 1635.66697046 1906.03908565 1239.07823692 1699.0388148 1921.73025614
1534.16885972 1624.56653703 1470.37016676 1780.7259751 1433.86363711 1949.37975985 1165.67952268 1657.3167704 1166.66962142 1446.36685976 1865.14353037 1135.95975873 1220.00138408 1450.73556258 1017.29742169 1147.22209839 1122.01967733 1309.68293727 1545.1436727 1207.93940368 1337.23123119 1452.98961771 1462.00943154 1832.52429106 1249.95374937 1938.36836815 1481.32513922 1513.47660748 1561.45892381 1770.86414311 1808.66057218 1502.8564278 1860.28535474 1631.17502771 1854.67873793 1865.90991829 1537.02417212 1230.34301759 1907.17150459 1606.39301499 1104.90729915 1376.70764914 1026.00446758 1014.14627316 1708.2210859 1063.31084286 1950.04041372 1429.37546265 1126.32067551 1925.103084
1833.53974637 1655.95580129 1419.30883419 1929.38887346 1168.988641 1537.66190133 1934.29541873 1211.04554653 1461.75414518 1028.98932865 1904.50346721 1782.69427915 1719.00011736 1276.08945157 1395.43024537 1001.38585428 1600.37475956 1774.25181666 1202.53125857 1814.83950633 1167.06738089 1200.03215054 1728.95904999 1149.23286694 1970.65488798 1828.83598067 1739.68192416 1055.94063885 1058.38822782 1616.68727923 1738.64079867 1146.96288499 1424.31449467 1239.05987914 1922.2873695 1015.41558424 1873.23721959 1216.98980808 1293.69968813 1337.69137602 1735.56315368 1131.99835218 1161.16496475 1008.49275635 1915.43308396 1405.36226905 1609.56037636 1128.5865971 1535.12701993 1860.50771322
1192.64263173 1709.5430734 1961.48098826 1500.63326094 1464.59581296 1143.14963306 1348.842703 1493.91799124 1021.54242768 1475.39034545 1890.81714709 1629.80372421 1204.62599185 1877.84554219 1331.29730698 1922.56166801 1173.1437868 1178.04473109 1191.2746556 1989.38627938 1098.7950399 1497.29606655 1529.72524382 1267.24963179 1785.63233158 1471.78677938 1476.28811942 1956.61346516 1055.04834437 1734.37302924 1202.17347072 1267.88351932 1816.37474169 1327.70773346 1292.67618591 1788.03754965 1949.38615378 1635.71829096 1963.70908426 1110.01717565 1768.7891918 1411.22631003 1847.14081011 1007.06740153 1121.07213922 1523.55591716 1132.61729565 1665.53630459 1341.71148986 1141.66714868
1191.77900659 1243.57507454 1854.79825706 1353.60287181 1999.65517101 1529.14416183 1581.18033651 1185.33641679 1952.09676113 1776.31306881 1418.42338806 1223.75469428 1886.9684161 1687.5528192 1513.48990277 1969.66441693 1962.97178198 1073.17281566 1556.581688 1951.7547859 1835.85663841 1951.02282218 1352.32136087 1351.33240905 1059.353527 1223.53332265 1967.84293507 1678.46822462 1638.90735331 1964.32288901 1351.57731031 1971.5916656 1737.97245524 1122.62570121 1493.08832445 1156.6777574 1213.41254335 1187.97241587 1617.16884137 1530.77411625 1308.69039351 1102.56086479 1086.65408295 1933.4428755 1941.16304149 1096.27905303 1799.17413135 1817.06096806 1528.03531187 1888.96280202
1585.9268799 1381.9159328 1240.69856735 1231.26016304 1103.24179511 1845.05209288 1535.38716548 1350.25085762 1885.07282164 1166.05141062 1303.78980198 1331.38349888 1191.2012219 1892.74187624 1489.5301692 1319.44354258 1490.25970978 1848.92612185 1119.11308526 1621.3526807 1784.30910921 1047.31338166 1515.66033626 1936.23242565 1548.02678278 1245.86691776 1113.39162262 1143.86897627 1636.94215745 1572.84373673 1530.44151066 1974.05582478 1838.08838796 1993.91266287 1492.69561494 1433.19319105 1473.77632314 1954.10003912 1755.94611771 1294.1095297 1032.94049485 1681.93923253 1395.71449351 1192.20776364 1996.32216027 1207.58725819 1741.41457616 1292.28820452 1869.54351444 1741.45046792
