Algies/Shelton_A3/testFile4.grd
ncols 547
nrows 547
xllcorner 0.0
yllcorner 0.0
cellsize 10.0
[rows 69 to 91 of 547, columns 50 to 99 of 547]
1805.47653888 1635.36250659 1866.56690951 1044.35600005 1748.82866342 1847.09371692 1502.68009731 1957.91471207 1196.43207413 1670.23906484 1780.52179153 1998.28900823 1746.61744919 1052.39569747 1563.36512731 1872.51507568 1029.8488594 1393.17661494 1888.44781786 1635.16974294 1696.43414148 1742.86910301 1513.12250597 1354.11893131 1026.95640767 1828.39037415 1311.1608697 1251.66758796 1469.6711938 1545.76976668 1248.11162722 1872.33103806 1903.20836896 1875.95569085 1881.87748179 1344.30311779 1390.73047453 1176.81949554 1187.3694728 1289.57121538 1286.78816673 1476.31547864 1678.1009566 1296.7887406 1766.31502322 1801.05233765 1770.9223057 1034.8145571 1759.30180685 1583.52559617
1535.39512014 1895.46999882 1741.63794556 1432.59318751 1635.59506359 1654.10758717 1024.76262755 1084.26255831 1716.70812895 1383.99016693 1821.77717296 1304.29529517 1812.05661289 1472.37495682 1675.42518437 1127.99344899 1565.77690219 1675.98516006 1092.3324757 1566.82104732 1095.25029542 1690.58689759 1798.08249715 1795.15967562 1536.34929258 1000.24417309 1483.35045457 1842.07888133 1219.45255247 1470.61797858 1354.44929879 1400.3608704 1255.45752944 1985.39574004 1543.65636999 1414.89755137 1254.81204897 1569.83865668 1544.85167285 1186.60911323 1794.02147766 1685.0681614 1951.13839684 1784.93846371 1450.20781589 1692.96491434 1592.26162632 1067.29185571 1187.34270198 1938.78159116
1064.73217503 1103.23422913 1653.99920184 1052.38505496 1134.80802546 1268.61385575 1757.7904645 1045.86966016 1601.94327573 1794.03492284 1368.46014416 1312.41565754 1843.19542271 1814.30084953 1243.74064497 1319.71702046 1289.63058011 1171.28799308 1008.93393444 1028.47173891 1927.24938516 1470.6230274 1517.86410532 1714.93205132 1602.07600569 1625.96701527 1222.7817084 1231.70488059 1657.9847192 1128.01731609 1494.19469217 1016.00806944 1567.97285358 1936.02836505 1753.80407496 1442.5506337 1916.59888933 1420.09595566 1533.94766849 1258.75918912 1215.55905325 1653.2641423 1022.32913559 1922.16649714 1201.30917014 1433.73217694 1265.35351922 1011.50877616 1440.34414772 1023.58480982
1146.13911126 1771.07213626 1502.60933246 1096.63850686 1096.12098279 1207.43400828 1581.0814687 1085.43040049 1787.81454372 1395.41796482 1321.99142957 1624.56105138 1401.30409524 1740.46132837 1474.6435119 1013.11770886 1705.39497479 1344.06803863 1872.99920506 1676.51235222 1157.44159798 1250.03489818 1382.54204887 1496.06359977 1407.42251676 1537.96106505 1409.15749202 1438.60709502 1457.13481296 1913.51394273 1103.40955702 1798.71890486 1364.93585747 1182.14145797 1383.65262285 1487.2210148 1406.87785125 1262.51202527 1628.53496429 1852.60870824 1289.61938637 1560.01517043 1447.28033216 1012.23372055 1728.71540667 1432.26971882 1316.72431697 1867.14749281 1913.81036721 1721.00834639
1093.0592084 1159.57108249 1172.77247613 1788.07085529 1646.09271697 1500.17476818 1300.61208226 1231.87753866 1391.9649178 1811.73416522 1529.61861581 1186.66200032 1678.24060927 1979.93161322 1698.96392581 1409.01113004 1806.91044186 1281.60644049 1950.74322004 1832.12761348 1833.87643775 1806.66800823 1616.30931566 1048.80975472 1323.27256077 1822.14156299 1280.81804324 1079.85595865 1401.83850092 1213.83213796 1332.88163037 1430.1864764 1437.03175123 1776.64745293 1403.85740041 1684.6153539 1510.51437242 1037.08325347 1724.31062755 1246.79933109 1726.14896486 1877.23270235 1817.93480944 1332.60770272 1109.03024879 1346.63980979 1623.4238826 1822.70735535 1465.29242406 1174.5984173
1574.18193131 1536.02202645 1321.77619782 1506.9047926 1077.44096921 1807.11844105 1595.36714413 1324.29695513 1234.54848966 1393.88066852 1795.65641054 1965.67231314 1002.67487974 1868.36899113 1973.9452547 1045.41761085 1737.4902725 1370.20242705 1014.23703912 1123.94912956 1756.58475562 1320.993186 1771.32413619 1745.84409805 1988.56750688 1808.71129167 1750.00174284 1159.72662787 1669.53526006 1555.45960199 1450.79035978 1407.32836502 1455.88455608 1590.97646186 1458.63868488 1819.19347991 1637.04937606 1649.02046773 1761.84103921 1141.53052129 1229.73621808 1154.56160576 1315.57661234 1621.02630975 1024.5692516 1067.19150155 1182.94580404 1231.44681925 1231.59298646 1717.92174903
1066.60897457 1779.23860686 1353.91895841 1501.08334617 1860.17691629 1471.32171305 1884.28814855 1390.85575675 1006.95239479 1091.14309373 1952.70942764 1237.24245507 1826.83550295 1540.317725 1103.40254819 1108.61232116 1150.43561958 1231.77479345 1518.58852095 1323.53441005 1471.93489307 1560.89750467 1123.89615325 1908.28527006 1210.96162806 1999.7864674 1875.05619042 1230.09064928 1405.63980048 1077.87751689 1621.59801971 1465.45509425 1777.3808891 1686.54285616 1945.30378197 1142.02135766 1672.54671854 1432.84876638 1847.35745596 1885.80270662 1456.55618865 1986.59748568 1791.88196225 1987.5298129 1146.72333438 1212.93772903 1383.86628967 1266.74719826 1610.48116211 1347.72395849
1180.40895821 1551.54169243 1781.63319385 1629.92601753 1948.70540645 1030.63283851 1550.48213995 1349.34474856 1102.65980561 1095.54525464 1696.23370443 1359.40995133 1386.71737293 1476.54425083 1603.71894829 1815.53827247 1270.18747113 1840.1696954 1566.46636625 1273.42405153 1353.55647377 1009.63840509 1141.93829605 1485.53363525 1858.35213756 1840.25745465 1358.0530106 1169.02185739 1463.23111689 1536.61459651 1444.92903244 1929.9530766 1717.64074331 1582.73171597 1709.07638914 1818.24372481 1424.12234121 1153.3778184 1468.65509117 1746.69874262 1725.80677144 1764.52229344 1874.17633927 1387.54516567 1974.33302532 1996.21691469 1712.82468406 1491.99123651 1701.19560982 1175.80349747
1145.46622604 1080.04006287 1624.6450247 1638.81931695 1042.16761426 1758.39753224 1488.95673499 1269.5996784 1435.22172437 1738.4902847 1815.84338516 1543.78613497 1443.62977337 1557.93952891 1119.68990584 1335.61976941 1826.22254875 1409.00193308 1880.76746828 1951.54713387 1154.80154272 1408.8308745 1284.82604085 1377.70408556 1400.74076566 1336.34130128 1013.45165304 1513.07084189 1084.49604564 1477.93581537 1970.61353268 1525.96976318 1649.45721442 1219.21180268 1877.27990355 1037.61180167 1374.71278131 1483.04325552 1800.60622646 1995.72698773 1045.87246552 1016.40856976 1397.4951051 1264.39633285 1624.37478044 1353.62704697 1524.79780882 1568.79614586 1186.60354315 1110.46540712
1032.28059249 1215.38919805 1391.38918653 1379.11245441 1788.77937655 1492.91532881 1173.12175302 1822.741809 1227.44879095 1012.50525746 1429.76138097 1109.77144577 1105.05260657 1894.55236303 1991.90339003 1807.73078597 1329.2457874 1842.72811629 1818.84537007 1735.79115704 1495.19532932 1603.69302413 1193.69557563 1533.77828051 1907.42651428 1563.66675363 1756.3173461 1869.6380073 1596.89498528 1292.66763139 1960.87418797 1411.56532502 1681.31017297 1020.29020148 1801.64513784 1314.687619 1168.82904297 1952.72586485 1327.04529184 1030.24696142 1283.97879182 1751.8527189 1236.13294706 1673.21700038 1023.36117126 1375.27557543 1461.34751422 1247.48842419 1230.19281736 1417.34721995
1396.07916803 1480.76587664 1123.63797891 1046.37430071 1028.14816677 1645.75522811 1894.80740808 1569.70370988 1592.07288248 1660.36597555 1499.24849205 1789.73572076 1739.89240746 1890.38053484 1578.59738498 1962.3705423 1999.28408339 1869.88768899 1037.41874462 1834.69620178 1573.91680928 1803.91674123 1432.63096562 1345.75721436 1384.10065452 1941.67475912 1462.36074237 1898.02950603 1189.32210845 1970.35483497 1877.55358883 1798.19628237 1030.57590259 1064.67164928 1737.61797621 1071.74319704 1563.66241042 1110.10338417 1851.84650879 1077.00631876 1213.13017258 1792.99072554 1334.92220707 1849.84619974 1048.41930938 1014.44942686 1835.11067565 1302.38147806 1961.25485784 1335.5552973
1479.1988129 1858.73030842 1382.2420024 1100.99177013 1505.87015704 1023.62199854 1506.94043383 1410.6212669 1116.48236097 1309.94288623 1282.4040407 1965.96821735 1005.34413885 1002.46577658 1113.46524519 1961.33148321 1919.73321944 1177.61990221 1783.47265189 1766.97520587 1797.87377548 1860.25072759 1859.79474742 1200.98489464 1259.29501269 1809.34436709 1942.63741087 1828.08002514 1195.6552083 1344.85726915 1706.13907627 1640.96505646 1536.91727314 1761.57222226 1780.79274626 1945.95166246 1927.05735722 1568.123546 1956.48361776 1716.48041815 1660.41401896 1161.54346313 1942.83001653 1995.5000803 1526.93582329 1115.11254164 1892.79631678 1875.81074819 1831.49437591 1124.83899162
1179.72387798 1950.84136459 1631.23148233 1838.58949634 1766.78949025 1574.65325741 1258.29553273 1813.4942456 1533.49991161 1271.59586738 1076.10075512 1691.43477881 1612.55147026 1435.22035161 1554.40893097 1956.62276621 1916.90304927 1148.22922401 1249.21972876 1852.75960768 1088.49439587 1490.84528087 1520.28118646 1012.48346586 1414.64771607 1020.77585833 1780.92703115 1498.62453884 1608.53996036 1267.23653015 1103.40484015 1292.73118673 1278.41301199 1984.36167136 1788.72310864 1169.59984939 1317.42023615 1018.50657513 1083.26449979 1184.21793258 1101.77603796 1562.09126959 1764.65226072 1737.52134935 1916.65396807 1648.35013217 1664.08051649 1091.77827937 1846.59685608 1297.46696616
1385.39561774 1724.01633396 1677.68788325 1769.10572426 1396.323195 1936.49550943 1276.03101914 1746.27841316 1961.54566009 1911.40990416 1063.50275628 1139.01105132 1491.57708418 1530.54274597 1707.09017895 1494.99995805 1991.00738957 1646.47531897 1479.57210529 1843.60112592 1244.77172687 1945.99969926 1432.00696799 1716.83087164 1431.31787909 1613.90004164 1203.03149758 1898.55288194 1941.04121879 1784.9319647 1557.14633854 1607.06594047 1236.47795013 1521.34348932 1802.98987729 1195.55746273 1396.97127667 1068.69584795 1101.59190875 1642.63502391 1607.24012168 1238.43058249 1111.1812293 1902.9455163 1140.40314004 1787.79046766 1881.41691228 1991.48281339 1330.31621566 1270.89372355
1481.78172492 1273.34970966 1022.89771667 1761.1173055 1274.88991056 1812.93651727 1923.52572074 1714.2276817 1701.3099949 1276.20919354 1001.47192885 1748.79318801 1710.69540322 1563.9665202 1862.28586169 1735.3588621 1619.95546394 1306.3941071 1369.91613029 1903.37053505 1742.4776352 1603.73291644 1565.50452781 1090.15344324 1193.52902513 1425.34353411 1711.13310892 1824.61742794 1951.44021462 1880.30620209 1998.41850492 1483.25161743 1094.37153241 1159.89603403 1692.70254205 1435.38981822 1058.31191868 1473.99615559 1562.22262036 1475.78577632 1860.43482788 1858.25710877 1703.25474003 1637.40073704 1937.0591532 1080.21943652 1825.13317958 1112.77986898 1707.3574049 1678.9394198
1696.29559173 1881.18657671 1260.8948923 1775.53797367 1645.5047824 1833.85161486 1366.29929044 1357.76210526 1461.67334812 1077.25267616 1649.02362394 1822.29995156 1007.89056401 1655.31040167 1263.12279104 1534.39487809 1918.26108572 1657.25269052 1438.05199389 1171.24380661 1980.70071743 1865.2726291 1275.52122176 1517.81332957 1622.79663399 1794.51562107 1663.23673701 1111.73715035 1111.80883604 1195.98842292 1575.1758888 1816.57254113 1503.15511228 1774.18979716 1125.18130105 1735.57467961 1970.93265821 1908.16760922 1028.24760443 1542.99129154 1428.88028912 1155.51116394 1712.026591 1627.11210073 1737.23324105 1297.91845491 1906.32812226 1432.5507588 1886.8878101 1538.20718721
1983.01528091 1564.68080364 1194.04770752 1861.06619416 1066.24947416 1406.6383863 1176.08748857 1470.35651586 1756.91917923 1147.12788375 1369.83917716 1547.89032186 1544.18084361 1878.98229623 1845.3878913 1082.1355356 1971.97901642 1462.39113339 1402.97126112 1116.94391958 1323.23378358 1597.87187107 1697.48011424 1430.98872911 1833.38805803 1134.10718989 1477.57547278 1948.05182859 1390.70149332 1999.01594188 1740.16434753 1722.25773324 1602.7148596 1633.08919341 1420.34823583 1994.40360897 1538.30411421 1427.95085943 1722.94241113 1526.26245615 1797.24976224 1800.48309594 1764.33741801 1963.83996794 1903.74233668 1802.72636032 1849.86925855 1236.25891753 1783.14612392 1027.49485088
1246.43877067 1469.33667688 1976.00557886 1072.53638035 1250.39767406 1512.12184031 1320.06028531 1209.37286856 1765.52137342 1061.74334824 1811.82139801 1881.56016387 1366.18037792 1368.9258769 1489.01725553 1795.43297695 1377.14913815 1578.12761232 1317.45972924 1893.5295348 1828.57623992 1029.46382976 1133.26088189 1477.63187745 1984.85307362 1330.44444081 1938.77604138 1002.07278096 1847.36804936 1227.57413338 1831.3516047 1667.52035364 1166.25592435 1892.30497782 1072.73206521 1138.33803715 1317.2509394 1264.33083894 1417.30733817 1942.24063217 1961.53455013 1222.69093182 1721.95570518 1760.38705664 1067.2608058 1743.54872524 1048.84652587 1118.25080027 1106.65489213 1925.18659392
1455.86137429 1879.16049597 1511.13324342 1442.14970919 1429.60025601 1539.89416218 1092.46870568 1046.64767697 1154.89629923 1702.0455648 1790.90201628 1202.76869439 1198.54198559 1804.79329204 1294.20321691 1283.84703567 1608.1925371 1225.37556926 1361.66579797 1917.86712914 1456.23417479 1733.23794211 1614.07662969 1140.23035624 1591.9781582 1642.78757424 1352.36633436 1917.78504094 1045.19483871 1104.9369467 1875.20503262 1738.1897928 1240.03988284 1587.59027359 1297.60106557 1250.38887915 1532.10591078 1186.62684025 1625.41796874 1379.46426194 1352.23806753 1308.31068827 1578.26144869 1572.65087213 1491.30628831 1387.8273379 1536.04422031 1962.6895533 1708.69780969 1300.29010519
1647.87362227 1103.04063186 1165.40412295 1177.52220042 1605.7988252 1445.46096755 1954.80184464 1233.73761224 1749.06701331 1192.81860269 1173.54070614 1405.42842765 1830.13493766 1911.50858048 1920.35349109 1921.35638782 1191.36555273 1200.73365371 1275.97327596 1052.93072604 1114.72822625 1419.34631612 1690.24630245 1198.57274132 1624.82606273 1218.87440766 1840.58205723 1053.99593038 1023.63803969 1092.63926527 1793.92118321 1017.26690354 1254.88746908 1734.43678423 1512.93144619 1947.83572582 1764.98536427 1088.43832852 1836.48434552 1073.47768845 1241.58553717 1613.50434243 1605.49825051 1048.24095903 1535.96175343 1183.67800249 1928.65400639 1259.74591974 1287.02579157 1778.58758302
1063.35454902 1910.24265939 1773.33501722 1389.8172008 1917.24464213 1974.78876987 1494.07750052 1028.41920891 1165.67584171 1479.72817345 1329.94793558 1919.05744662 1062.0314585 1763.8384927 1651.47343913 1567.04789032 1054.83422747 1885.05189247 1924.38229274 1541.97062424 1241.31510473 1937.02763515 1614.84006954 1227.56623898 1652.35811627 1705.49629244 1969.65360224 1166.41687625 1639.46112795 1337.95543688 1981.19790177 1067.09176063 1211.39708028 1981.08998793 1249.40125255 1690.72156004 1176.87109792 1636.93285154 1052.71522782 1331.21985332 1170.88132895 1866.30996907 1657.84730148 1934.61740749 1883.97942909 1545.06328381 1476.20413372 1091.3976349 1144.3909462 1539.21330417
1104.57605155 1025.24828448 1172.30305554 1848.14756875 1629.07257114 1221.71127279 1190.43180432 1882.29173567 1573.14129927 1185.96295377 1360.47089449 1595.67308477 1001.08934081 1102.90160521 1363.83320519 1780.12632219 1062.94207141 1811.0044676 1078.89090391 1570.97806033 1164.62382983 1643.11008407 1739.06875189 1811.16876917 1421.00136065 1546.4153427 1705.2263729 1335.66541072 1428.00429884 1429.41382274 1624.2895232 1110.3210654 1936.02747885 1718.02279716 1467.75640673 1450.13111978 1856.07243799 1055.21892597 1148.66715638 1431.85220793 1996.11222705 1697.75699517 1552.32945306 1898.17972567 1254.97499487 1165.51986059 1172.88530404 1876.73252749 1995.06954609 1275.81175742
1019.59422141 1631.3604703 1702.48604266 1187.2585709 1408.03221572 1702.80989339 1839.08250184 1005.37603051 1075.73240384 1046.50369392 1253.57128184 1488.24737343 1223.08712266 1235.86852505 1129.9189149 1906.74233772 1174.15647662 1167.57779603 1319.55623486 1197.48457652 1820.14128813 1312.84674109 1488.34152224 1470.13204619 1131.03230217 1197.27105947 1399.73307578 1713.84602325 1991.30337842 1875.21874658 1958.74123728 1779.8390687 1559.44043322 1875.90640905 1026.49149216 1987.19010263 1333.36005789 1148.55153384 1698.15634683 1913.08998465 1313.7289905 1738.09547483 1791.67009824 1689.62214245 1093.80557877 1723.90276551 1663.13541181 1240.16528516 1714.83263663 1796.14273656
