Algies/Shelton_A3/testFile3.grd
ncols 447
nrows 447
xllcorner 0.0
yllcorner 0.0
cellsize 10.0
[rows 207 to 229 of 447, columns 0 to 49 of 447]
1219.44100024 1244.31774372 1517.51584109 1469.63466961 1081.79245362 1361.52093788 1949.35879125 1559.77860898 1314.88461686 1262.26983078 1486.2088695 1319.6721111 1345.25506821 1852.58149492 1046.99513822 1177.4494592 1662.98817654 1345.74993857 1848.04619536 1299.61168973 1057.63607185 1526.53236525 1293.00566944 1742.46159094 1070.08616416 1828.76596792 1801.48602057 1316.86103094 1252.96205418 1573.06958176 1005.4651854 1744.10092737 1204.23284673 1770.68874723 1585.75560381 1961.09133906 1307.78056203 1768.72524214 1966.86534062 1573.94901441 1645.2864412 1378.50911455 1715.20210027 1836.55525479 1704.52463934 1560.09840979 1939.12060517 1261.10099581 1990.25927234 1706.13327561
1938.79288249 1860.07318768 1720.53311646 1887.1372888 1137.80497284 1011.29241076 1305.78715516 1566.35035923 1927.56605281 1614.53296393 1568.96070691 1086.34228878 1385.73262462 1368.00472127 1395.3349515 1988.13103623 1841.74421194 1961.13084785 1730.59164529 1698.7740702 1837.24059975 1855.80019617 1174.89754644 1042.96618255 1855.69916684 1883.99220211 1056.9628317 1099.21482261 1266.66337605 1184.91148761 1317.76821542 1682.93425649 1056.54201538 1530.25148795 1410.91552691 1136.15905827 1310.86447901 1036.87936131 1126.18086928 1283.77193761 1994.84163457 1615.856561 1523.92634903 1678.36337713 1623.99649168 1164.07750752 1209.84926581 1372.36948819 1224.36234018 1799.61120291
1574.32559693 1508.69148316 1568.72444222 1962.87025814 1460.76892106 1718.2169856 1937.79289793 1144.40082612 1693.36624416 1944.21522552 1847.53031591 1909.61804602 1449.98356774 1539.86947999 1592.56206995 1787.11456351 1137.14994189 1927.65055463 1712.62242162 1209.56499715 1034.00248601 1040.50265508 1945.04064653 1861.74092072 1839.8146656 1648.9784684 1826.88933768 1049.94447321 1656.60855032 1184.21161104 1181.2863967 1674.01141461 1318.90168975 1024.43709727 1699.18693688 1330.94471732 1244.66164833 1746.10556831 1614.53303623 1269.93849067 1470.12387411 1091.94129262 1398.42999906 1629.69184776 1897.54112418 1338.64795896 1586.27572352 1573.99119076 1333.05095903 1971.13107415
1208.19005999 1070.33042472 1373.17516579 1083.90333016 1479.04379248 1762.5497727 1109.58259671 1333.6003819 1554.86088698 1746.76271594 1053.34426532 1224.79099204 1019.77747844 1571.6974685 1615.92851535 1165.46587382 1356.34978305 1866.73330612 1387.92260888 1147.17175827 1261.5657453 1920.07101987 1402.59108704 1039.64428711 1301.76333524 1271.45117576 1201.60672863 1046.35245293 1009.82815956 1262.12448963 1337.09826097 1844.74825182 1463.90517894 1705.53610952 1116.31007703 1905.33116975 1741.07768348 1612.29707994 1192.35699356 1566.36749717 1888.97117786 1844.66536327 1101.70870998 1080.30013037 1504.79200104 1194.97135497 1490.68041691 1558.41322781 1037.02356971 1600.37322662
1360.55119982 1464.97416975 1228.71376477 1802.49956385 1506.5600101 1386.79097503 1247.23676675 1635.01969483 1638.98935031 1613.72633918 1589.67883311 1273.5648956 1021.22986627 1857.51519808 1499.46329232 1547.96299186 1951.66190438 1517.84136907 1407.37805042 1037.18036779 1723.51796552 1125.59882664 1747.36470903 1544.79625137 1246.18227962 1986.81404465 1396.19145998 1826.17544198 1349.97242361 1149.75544795 1895.68472069 1742.81918399 1142.69068948 1351.57562586 1361.22752452 1536.08431801 1319.67937732 1772.10524845 1965.49168457 1116.68373715 1228.87159375 1310.36413321 1313.52379025 1349.99928174 1565.21395587 1466.75572097 1054.10277736 1740.35413323 1357.37377944 1905.86748351
1919.17258138 1443.42284206 1241.49189332 1222.54494823 1431.4387708 1882.35724692 1079.30599017 1712.11094911 1894.75460795 1358.84907864 1193.61372044 1786.44318937 1849.03528577 1517.27314125 1523.70699431 1752.15309477 1366.64241295 1296.83871747 1550.23430127 1528.40988118 1196.42285563 1117.84577732 1105.16035698 1635.1837132 1727.27200507 1290.64470562 1925.13561694 1095.53756539 1748.55474261 1587.96660875 1894.94073534 1039.35432614 1363.86801768 1157.14304567 1737.80503213 1846.16274286 1032.38422053 1583.74371209 1816.71280008 1671.77600306 1284.48979603 1287.01671149 1830.4234364 1461.62374015 1715.14302778 1658.66978485 1967.9778817 1888.95440852 1611.55365158 1920.7173592
1824.99373521 1834.65799972 1318.46214436 1023.33223484 1593.49316925 1212.50265694 1169.3343598 1755.87432612 1550.1354032 1028.23879228 1105.55360766 1711.20135988 1238.59971003 1744.35772572 1881.2650297 1903.9408265 1792.2584242 1818.07985368 1792.66587684 1919.12690839 1940.98493704 1104.3386764 1980.22029569 1226.46810621 1665.97707624 1301.81440182 1984.861283 1965.14876764 1489.96275183 1330.27177439 1469.62910639 1165.1744278 1994.001474 1185.17532059 1782.82565636 1176.48480779 1382.99525251 1730.71360014 1137.39367519 1039.91040372 1682.03598431 1479.69805049 1964.36268563 1108.67360565 1168.83669796 1027.40528566 1255.54380083 1711.88105034 1787.0298024 1602.1635151
1443.62598687 1588.25566656 1451.86478789 1386.75435363 1253.48874944 1195.83383008 1115.33583129 1361.50102245 1458.10531914 1550.55426378 1660.61229387 1103.91117277 1291.11143381 1564.07842285 1422.37267583 1322.64622849 1853.34664597 1124.47310455 1967.52130813 1288.12269906 1778.70430173 1767.24679223 1353.81751603 1914.66046016 1610.38034719 1353.31862048 1176.99684111 1302.39824839 1246.4771594 1416.08449496 1533.94980505 1358.09952105 1020.0751208 1502.27985274 1879.45707936 1216.7714674 1914.26784388 1014.90032167 1584.19698894 1601.60386653 1158.45468112 1328.39576955 1250.3468503 1162.41749376 1413.87509889 1811.80908022 1863.32777721 1134.82943866 1241.23396017 1040.94960865
1622.82855907 1238.72101984 1123.86822831 1177.18136486 1541.25196575 1383.84304236 1381.51571965 1039.82409481 1201.61403639 1037.0469579 1916.47933961 1224.81051725 1122.1466833 1353.96479698 1458.13897119 1404.36409463 1259.29172553 1416.9552163 1414.04301843 1899.80051706 1719.91688887 1148.73705243 1246.39354865 1273.2887602 1589.6543194 1160.83019223 1243.98069731 1365.81618218 1814.93657465 1412.93913273 1422.93997844 1263.83649564 1811.86664591 1641.0534175 1826.81253019 1747.26964542 1809.41622554 1758.71138123 1558.0561283 1960.50989802 1190.46369163 1938.54413535 1653.65913649 1087.1578848 1265.49448488 1724.44176761 1677.51148314 1563.6726965 1838.74886931 1787.67456613
1620.59666626 1505.54786561 1759.46096715 1829.09460313 1629.23110766 1607.3962427 1012.41715787 1599.43414133 1490.84329957 1438.50164188 1467.27901779 1330.81977854 1368.26112541 1193.75512626 1882.03096835 1972.52772228 1586.6458008 1069.34698879 1099.27240329 1965.46193178 1638.59022621 1369.77886631 1163.99544652 1113.55936758 1908.66656382 1919.26461159 1135.13964158 1684.3303131 1733.39204174 1896.98482295 1248.3792696 1869.34430102 1266.6720587 1525.08965487 1145.95896606 1785.03751142 1189.7673644 1825.66424731 1251.18595109 1476.10412082 1708.35668216 1957.15443539 1890.78806154 1299.60328121 1651.19999383 1404.28623239 1815.47876737 1388.23275485 1865.63044152 1791.75774632
1063.8051846 1253.86759629 1749.70678163 1519.40099762 1936.36957077 1568.38636358 1134.02383738 1664.36735899 1733.60627361 1571.13257283 1784.838213 1292.90553736 1856.66158033 1295.79535152 1620.40938115 1037.50500973 1026.85149229 1613.13729394 1888.31602313 1698.24874364 1509.35667946 1266.59255186 1794.72870817 1155.79876086 1666.46652037 1967.93649286 1089.13200552 1128.53228968 1923.31359463 1708.34037754 1626.68776864 1771.69889142 1366.90863102 1780.45877872 1111.08590219 1030.6626799 1514.28391562 1156.63073915 1008.49948754 1230.95468597 1740.36209981 1342.73860454 1466.54311502 1686.76434766 1262.06359921 1387.78030135 1687.40268362 1392.15998894 1965.26840034 1990.93017395
1076.61212908 1242.63232852 1489.24765286 1674.47378701 1457.0418608 1158.14005909 1455.35425013 1513.96008706 1421.88434691 1430.84801804 1096.44360227 1906.80547455 1193.73696195 1361.84145157 1828.3537123 1939.66209099 1948.99082485 1616.50824277 1715.54447549 1594.23732415 1311.24175451 1676.65844964 1947.50983921 1965.71316143 1706.1572258 1026.12744315 1537.26624072 1008.01475063 1961.88481753 1743.04229371 1620.80083857 1397.39728522 1297.75642996 1392.43323932 1990.67664845 1715.86826156 1166.73640262 1873.52089578 1354.21886409 1826.5075609 1954.29771462 1522.31916039 1554.17086176 1648.10303565 1211.60890992 1241.13266809 1555.53938035 1505.15338214 1352.33077535 1101.74158691
1445.94483355 1218.45307266 1236.01951838 1415.77616451 1722.72325733 1369.52092621 1525.20568956 1794.93599969 1778.4874037 1321.77348051 1136.16518076 1492.13329166 1380.40718004 1172.17213205 1891.84473999 1713.49062342 1045.04921059 1731.71261716 1744.38101342 1263.42130946 1405.84828247 1438.12741633 1056.20892922 1160.92316965 1635.4382462 1066.78023125 1536.97432154 1017.46104688 1263.60592926 1077.53226845 1564.12160128 1079.60081893 1296.5510628 1341.27403543 1540.9296122 1478.24391762 1891.48293061 1555.91255058 1319.36268674 1852.45943116 1140.69793818 1699.3092984 1069.47452492 1345.10528898 1256.05186149 1182.49129827 1465.79215051 1234.08727626 1098.15054738 1401.34353552
1406.67628421 1768.92050674 1932.01281624 1851.1769853 1620.98120576 1936.08530861 1176.99097671 1284.77609055 1882.06440555 1457.58065769 1020.53399895 1757.00089799 1569.42735286 1354.35450593 1978.11269916 1297.38794985 1583.37294554 1830.19212245 1314.12503069 1606.6913716 1804.75738668 1643.58255051 1885.84114261 1316.45409846 1988.62451416 1160.78341745 1023.55421384 1710.00309181 1882.49495861 1650.91566052 1358.27918419 1856.20071578 1423.0512769 1243.01079192 1246.54599557 1940.74469394 1212.72291111 1654.86951204 1833.58277718 1747.44283581 1442.10752317 1064.95385393 1475.2352271 1456.30204444 1063.18996205 1769.54270486 1364.67604474 1408.92849863 1220.02358018 1966.76509219
1093.00884785 1282.25151026 1152.10075371 1831.81711162 1303.26283446 1347.64107803 1803.75000727 1593.37398201 1832.64450311 1878.90381432 1025.61443596 1583.16793268 1852.30386829 1522.70336654 1685.01928124 1122.65041898 1060.55383292 1414.22480148 1708.80985229 1615.44614486 1366.17201351 1792.32149437 1509.9241402 1818.77921732 1252.35683638 1309.98536163 1696.74675997 1992.88649636 1698.11482956 1261.05899696 1650.30132161 1605.50577112 1698.63950032 1449.55309821 1091.72367525 1290.44086804 1682.16567974 1600.21416296 1497.76490073 1370.98070645 1653.88421673 1660.0463327 1981.03489093 1893.46524158 1996.60255313 1471.13994457 1368.17489741 1150.33052433 1400.7049675 1665.71278984
1023.9935475 1097.83393184 1833.44954168 1547.82219716 1009.12542739 1505.10873589 1526.65112292 1959.53736447 1467.61633934 1903.27797249 1552.32979398 1981.30379884 1187.8269376 1735.84934664 1554.34830316 1022.14919282 1401.01941976 1372.24940581 1888.41346384 1323.18014715 1262.64822122 1335.82846504 1784.33123881 1283.75476747 1022.86192943 1904.85358301 1152.62892939 1662.1063502 1654.84297025 1711.72121092 1906.34091491 1865.73352822 1992.05559692 1429.36019455 1744.87039122 1675.44410201 1380.44218577 1327.787429 1821.952891 1745.03078448 1469.59837155 1962.19502389 1199.22276629 1942.64479925 1975.38204198 1223.65039797 1951.45369062 1552.54950421 1391.70187813 1350.38343249
1048.0681532 1299.96550899 1054.51966308 1494.88209363 1326.05621909 1513.70070588 1118.95695715 1373.76925337 1236.74842965 1476.02039293 1083.55583971 1096.74658858 1569.4834514 1112.90104668 1146.25976243 1129.05096313 1936.12870827 1550.81772506 1724.23412427 1762.38907219 1694.37952408 1248.02539152 1057.8164972 1480.18925141 1483.17508739 1258.03490662 1185.74734472 1236.95483215 1877.8518717 1475.16345435 1403.71351251 1314.26815786 1357.72457469 1722.41629618 1700.3971037 1374.95708134 1802.57982953 1377.76711563 1344.65889114 1240.66818324 1799.37226291 1581.54699509 1006.88958624 1206.71697283 1868.78668587 1748.1856806 1263.81769217 1058.23904618 1780.20980034 1043.3159161
1006.15369301 1945.89096746 1051.44007941 1179.5583834 1778.21541459 1688.81489045 1995.25702526 1962.04925776 1368.63968034 1078.60022463 1677.73031004 1571.83572287 1188.96337367 1339.75177373 1984.2861405 1660.55130626 1316.31774415 1499.72258557 1859.7852254 1567.11373852 1413.40444849 1486.79819055 1383.61154484 1098.66300072 1581.02461418 1008.72956635 1932.80677258 1577.73543474 1025.93677587 1659.08026094 1909.28768756 1959.72105968 1896.47393077 1360.86713867 1280.59244901 1144.26353725 1809.66268175 1235.37106683 1536.51766755 1548.41906743 1176.45727319 1666.36187019 1970.29951875 1650.35550193 1529.09392569 1410.38183983 1816.12863408 1996.04940816 1688.3556342 1474.6804258
1890.23621528 1413.64832306 1977.29190843 1930.22183046 1162.79262573 1683.35903209 1643.13690129 1617.92317949 1123.00457967 1091.99439568 1191.02134985 1886.06142983 1654.52167716 1977.34338769 1682.96424782 1467.85401632 1736.52250601 1683.96733057 1651.52527607 1264.8195193 1525.34506739 1127.22439727 1297.71099736 1595.98374627 1112.13462652 1534.48079471 1792.11200499 1363.9146894 1563.94150165 1271.49091204 1805.00012255 1164.70062461 1508.26688902 1771.57566592 1266.61520452 1476.83393185 1847.8729998 1074.41426099 1355.87497973 1691.82755039 1267.40373178 1882.48788427 1493.33964977 1073.07129317 1795.1088683 1640.01289799 1586.10757186 1071.57702094 1322.02195719 1424.02595329
1583.86631667 1936.48740471 1577.0126537 1618.9518348 1313.82883257 1493.33254298 1228.99906102 1505.14567491 1289.28828322 1347.41820291 1365.11631044 1691.93107597 1634.16437003 1946.53441443 1409.76335482 1075.75983536 1356.56285137 1202.70249004 1566.65034376 1966.54292075 1585.90162879 1313.6031953 1494.40570704 1161.56675939 1372.10575232 1463.85778723 1311.00621536 1127.33331808 1181.39444828 1890.31147162 1912.90830586 1816.62815467 1102.15464171 1855.83926027 1326.76934404 1172.72990549 1056.80455942 1679.43220366 1484.47509001 1350.30979492 1377.83391519 1678.34491914 1723.65968916 1405.40285083 1587.14334006 1756.6483565 1801.87404404 1281.51137695 1366.30232058 1557.79476172
1630.7662618 1427.34101763 1148.2846729 1058.08517281 1469.06730258 1199.5325136 1900.70180534 1700.32602745 1517.60349589 1020.73751485 1741.34362009 1006.05285054 1244.25212924 1383.32216912 1975.27852123 1288.96095422 1520.49339255 1734.01620846 1757.27798001 1863.81093199 1404.17742175 1475.94682173 1095.96720598 1491.16543064 1184.87656472 1466.89372013 1374.55604386 1526.34029743 1578.64212981 1807.28168501 1410.30076042 1935.66172937 1791.69871075 1063.99170859 1263.81894716 1670.93776599 1216.53627954 1794.55155429 1435.4233688 1425.66107669 1051.49219588 1424.95360361 1848.86417008 1251.40730024 1116.81560167 1918.12774299 1827.43720129 1585.28786942 1746.73374152 1253.65460829
1756.85276671 1374.06655846 1015.89999772 1311.44480109 1339.78387301 1737.66909593 1092.26083758 1516.57468636 1084.99151667 1783.8994218 1449.69055753 1474.41715966 1655.95354893 1514.42141235 1581.88622978 1827.23329853 1820.20153345 1807.46846344 1822.12324869 1182.49867388 1835.36785319 1709.82289127 1372.96493391 1975.64743412 1572.65523221 1796.14790635 1108.22944523 1289.48561509 1683.28681009 1034.43490872 1084.53116695 1432.14187048 1984.61666773 1177.74853063 1836.55977298 1824.64186297 1299.43589526 1167.06893817 1520.12358486 1165.7650042 1309.37066369 1024.26244825 1600.62661119 1362.06751094 1664.98686307 1173.93613584 1912.84784639 1993.55364794 1324.61477511 1279.06211529
1306.58608886 1524.32156744 1358.65746913 1218.50440565 1765.636642 1658.56334009 1936.16708947 1112.7150609 1755.34123736 1219.29382443 1932.32870777 1862.67263844 1576.03431418 1945.92803561 1697.94505635 1968.64077614 1360.40285307 1641.54277907 1092.04406615 1696.41907171 1531.86760013 1928.9858968 1757.96388405 1995.3404047 1701.1708605 1761.23729384 1280.01583593 1665.82284889 1272.02731476 1560.10947534 1446.8113477 1653.43501273 1934.95635716 1059.17091695 1459.10947516 1626.15150209 1950.09790028 1888.63544212 1689.06870841 1879.22278426 1545.79732377 1965.09451101 1667.15709511 1280.01807515 1689.46154165 1898.54897617 1914.07936984 1384.13802943 1777.98323933 1733.3804385
