Algies/Shelton_A3/testFile4.grd
ncols 547
nrows 547
xllcorner 0.0
yllcorner 0.0
cellsize 10.0
[rows 46 to 68 of 547, columns 150 to 199 of 547]
1874.72269439 1519.80951104 1037.66960243 1344.93479719 1185.05229978 1758.2875035 1416.07132139 1398.90009634 1990.00686234 1871.72552136 1682.82274131 1454.16466827 1088.06192245 1907.26821058 1399.11295251 1446.3179835 1058.05642015 1801.5621345 1882.81636016 1035.60151557 1569.0956409 1932.41608238 1397.77131589 1801.09542382 1681.19720948 1071.92988891 1359.47581266 1603.57580058 1707.32241011 1055.63802833 1327.58877398 1734.89862896 1898.70250339 1403.15099837 1287.07139123 1329.51857849 1509.49412048 1611.79482122 1141.99092639 1070.31555886 1499.31708743 1239.15792523 1864.11290422 1417.24988569 1913.41497535 1806.89310448 1421.20588167 1060.11313314 1746.14826422 1111.34019182
1373.46678501 1678.83894028 1632.3418761 1581.59625136 1440.34544718 1118.27770893 1150.20804332 1837.03518621 1050.1187475 1530.84458228 1293.60407476 1815.89613183 1067.28792296 1650.5786795 1271.02553147 1411.07011694 1795.82253852 1243.13946022 1163.06959085 1157.23297099 1267.73085747 1208.02740981 1170.62628954 1398.44009357 1968.54362545 1759.04881948 1794.30176428 1758.13621363 1437.85101703 1165.24549709 1222.29822326 1127.33271792 1004.89616923 1271.50835243 1821.5388481 1787.19310618 1214.07544634 1355.31125488 1567.60335549 1478.3597265 1473.04717663 1117.97004124 1590.26377179 1005.87437655 1831.34606111 1533.93233509 1651.7224718 1734.88933607 1230.16490834 1835.50788357
1938.47603492 1905.5310036 1223.76547083 1055.4966933 1572.14962426 1831.10056718 1564.7231451 1094.00192751 1486.71612682 1488.70402355 1688.70615528 1198.24098612 1773.97961819 1433.86617985 1870.36563447 1384.27292329 1390.92167584 1118.23504356 1258.15584865 1560.87502852 1329.29591658 1356.21428356 1635.30960636 1849.43961799 1647.63685518 1883.35063064 1580.27123353 1920.02456161 1402.18870031 1456.48945455 1581.05532806 1524.93709346 1700.5880959 1651.33891104 1429.1285481 1535.0927095 1606.1206892 1380.44100506 1738.03348328 1904.14306648 1168.67310077 1735.12595217 1104.73101825 1710.82148887 1318.42300077 1875.00370119 1393.12633526 1474.48366945 1856.89318491 1695.36488888
1093.25813008 1935.94875285 1899.62416281 1301.56469445 1887.887802 1294.06255548 1790.99748678 1311.21118564 1591.47420949 1094.97937541 1554.17533356 1935.4802228 1817.70200992 1395.68318654 1255.58298715 1161.39918905 1405.21498567 1081.88387564 1148.4681179 1613.71300885 1281.17900441 1591.76376463 1881.21161704 1067.57612466 1244.76009509 1727.29228097 1267.16965272 1727.67412038 1253.25058587 1799.27973009 1066.02079221 1495.83700544 1380.18098744 1580.30235898 1695.52616066 1717.82313884 1056.9362519 1442.5951637 1703.31124334 1496.98350649 1163.86245984 1005.57942595 1016.87843447 1096.65594376 1345.78585494 1663.43865495 1897.05623828 1277.1379639 1748.62365294 1263.599594
1001.89032487 1916.67684621 1092.11021693 1815.19255352 1767.07794466 1208.20493845 1458.09502057 1782.2092551 1248.53745041 1491.69744106 1312.2812532 1647.6684726 1436.21146051 1241.23468811 1626.6872501 1659.05578522 1555.7782289 1355.52610434 1505.87983571 1049.125974 1181.94927561 1911.29088922 1291.95519795 1902.23379273 1964.46080702 1839.60440957 1147.10258677 1482.0716907 1946.81584168 1258.90014084 1811.9450374 1353.00182125 1225.49625032 1237.02316795 1962.73537516 1975.59909293 1866.57019576 1677.8040394 1598.97084504 1352.47846581 1261.82133612 1579.05803444 1008.20586446 1234.98824796 1771.46963882 1290.62746858 1381.07653954 1873.50540671 1682.72905354 1456.90378725
1781.23781037 1264.56231794 1334.56211909 1413.22473872 1658.19860778 1168.63045786 1380.42297339 1141.41513849 1211.56215486 1583.44180013 1150.93363687 1153.35238259 1322.88776897 1754.27351435 1033.3642417 1636.46516316 1224.52424186 1220.88429983 1698.50917427 1391.2940768 1120.51580706 1968.60520099 1474.10793726 1362.10907186 1939.57120402 1494.16139846 1905.61134769 1634.96922583 1844.05263842 1603.12503808 1507.86049612 1353.63608722 1397.29519597 1403.3518994 1136.45070475 1961.69135863 1182.19133277 1983.4261588 1339.93332879 1724.45638588 1601.40535687 1380.99451413 1174.99024427 1004.30795577 1228.19839413 1237.6327623 1728.94371895 1859.28919521 1476.84737914 1290.8018915
1107.13214237 1211.76303 1258.19841566 1147.71088213 1089.63305025 1709.90540875 1816.17571844 1745.20241125 1296.69389004 1742.91908361 1919.49775484 1030.19583348 1210.11602215 1666.07677131 1225.81452471 1545.59753148 1234.08579757 1151.60394649 1287.22156833 1328.26963835 1272.02865378 1783.50325936 1302.86540308 1371.03906922 1632.19341757 1010.1721245 1675.48197848 1311.56282396 1623.47866971 1834.00316667 1939.40082669 1028.23428241 1713.91450767 1509.18582483 1712.66065861 1590.08426958 1796.246508 1203.57956852 1153.17083506 1993.35058514 1328.36526744 1722.56262274 1601.20125265 1854.01996774 1782.87235802 1114.63992209 1248.52876436 1155.48303119 1817.03396013 1833.1696732
1991.34537959 1289.22151837 1516.86305342 1020.31446609 1471.09976901 1037.82591174 1849.69016211 1455.51626817 1771.17454175 1725.29508716 1044.6892068 1953.44264176 1504.38448946 1043.45206531 1802.823958 1333.34691479 1820.52835015 1969.95765885 1969.14415446 1872.793982 1203.93278175 1217.65091471 1809.5806414 1014.73056123 1692.63278227 1362.67461711 1125.17587516 1250.55919252 1631.83903603 1890.95596852 1952.7129374 1113.28474498 1526.02845435 1352.15037316 1501.77547267 1186.64407502 1108.23679081 1811.96119029 1967.09051157 1297.29534896 1016.88304423 1941.37461747 1371.83406744 1624.05411945 1717.48463156 1284.08200994 1685.96195496 1075.07053484 1944.75985125 1451.55002868
1238.80589258 1327.60371213 1903.7372158 1532.30474688 1017.54593888 1390.36229475 1566.66291366 1188.78571697 1843.61277839 1761.34353856 1138.17581423 1592.77719911 1554.85940933 1943.32137972 1100.40000713 1474.49152381 1677.20871797 1111.1052278 1383.53709476 1707.74689523 1702.95482268 1021.04308634 1200.25213513 1603.56032955 1274.47538203 1866.45337913 1416.54567934 1904.95222687 1003.96063098 1005.51228169 1877.35673015 1616.03503063 1007.2811124 1712.96189434 1810.83151715 1050.38553608 1103.54141219 1044.91944848 1336.17519812 1657.29260062 1844.91558945 1640.67850702 1787.40157528 1574.45772636 1489.72276238 1744.34643538 1264.99700082 1291.10731987 1792.09726932 1304.41384051
1959.217975 1716.70774786 1282.59647051 1366.17201625 1881.11084826 1613.39226213 1380.04043242 1753.68143294 1148.60126275 1621.04015887 1252.63289628 1334.03209337 1932.66269098 1071.05193647 1455.864096 1016.97514884 1989.69837528 1092.09233746 1117.00926964 1589.37331393 1319.53122512 1599.18443372 1281.91695017 1888.48154651 1954.2630463 1976.60170158 1929.30060457 1402.39426738 1805.26144757 1155.03494404 1048.23432836 1969.28284469 1319.41598354 1424.87741684 1103.77141192 1879.85309852 1787.39697828 1178.92884885 1231.3574285 1183.14522316 1478.43766377 1389.98638163 1847.42971179 1312.54889278 1822.53189004 1818.35855091 1980.26397318 1471.1724691 1665.78478437 1650.38961589
1811.96080951 1258.06181275 1869.34049501 1758.80156393 1382.23295695 1268.62900316 1669.13396215 1479.98445824 1651.10369068 1779.76801405 1641.82263455 1352.76791308 1535.22334601 1970.93199107 1491.02644525 1224.87279094 1532.55898333 1322.43889684 1605.62114344 1502.0575487 1311.87646099 1936.14171606 1761.20709839 1857.43065928 1821.69316661 1032.0740955 1459.9504511 1839.64295073 1009.08172283 1087.39664204 1993.7813511 1582.2681345 1947.61789025 1799.23410018 1011.72635982 1210.98679945 1613.6646075 1375.06633885 1160.67400559 1251.55753648 1119.54554268 1096.94496052 1073.69502474 1971.3571843 1250.10275036 1593.95704511 1537.35644692 1792.72750612 1550.10538053 1106.85277725
1585.43088486 1305.58407889 1909.1949232 1569.80065512 1751.60152442 1742.19300596 1551.88636917 1782.64315486 1210.84251787 1935.04013003 1844.43334622 1735.51240216 1656.68251366 1721.27072965 1339.52747697 1480.20843602 1237.76566425 1965.09334497 1860.35227891 1237.89333709 1055.73782164 1178.92838341 1348.06306505 1428.11106873 1272.62501093 1716.44653372 1849.81826519 1512.49593126 1230.14500907 1010.64979289 1419.97813456 1509.67372727 1282.87994821 1412.39364931 1360.16951744 1896.07518054 1421.79315837 1857.72192624 1690.51934419 1530.18807694 1048.82762525 1470.20840428 1170.95874037 1902.29828899 1971.72765082 1916.73943037 1018.67330013 1073.70623964 1266.94293671 1844.95206853
1892.32388022 1084.516799 1741.81859608 1412.82833584 1729.92476262 1460.61996411 1195.08520521 1071.49002648 1105.39618081 1928.84882233 1486.19470061 1440.79268005 1845.51544202 1516.26446123 1614.96314604 1315.38300376 1850.8607119 1348.28981908 1076.71717431 1340.6196293 1287.18514973 1208.27662449 1675.14235253 1801.57615151 1648.50852306 1624.08625802 1903.945303 1035.49478577 1385.6990336 1970.67531616 1375.2272909 1573.74573832 1896.20922145 1790.89499992 1726.78554847 1196.80671343 1559.30880616 1774.80800008 1051.02288045 1146.09949477 1375.64583147 1957.21146366 1900.4297845 1947.59814386 1570.84372659 1765.76233029 1917.48193955 1196.99009193 1847.54771896 1934.92255423
1437.55832617 1222.22283977 1212.72542472 1670.66494748 1167.45627337 1024.18838057 1427.68676773 1983.79514795 1412.95311289 1275.55255916 1649.45336475 1021.3893127 1063.28210521 1370.74830731 1091.5519765 1704.70892458 1898.01735291 1796.59421933 1798.847731 1652.35139305 1890.38044551 1683.85814254 1510.69358492 1970.19625709 1510.61694186 1291.18891716 1278.98869884 1885.6533113 1571.42499378 1256.84942116 1902.93056088 1463.17616635 1776.54776802 1680.47939111 1533.82304909 1692.2954545 1368.90464677 1757.34367156 1900.79596769 1405.35051986 1024.51907368 1261.11513607 1219.00648835 1931.08736862 1102.31935405 1122.88303665 1133.09901193 1918.38967646 1353.85142399 1011.9610545
1338.18301453 1841.35222729 1549.90611682 1842.11647747 1744.6508605 1966.0395843 1359.6804301 1778.6669729 1470.74191816 1019.6146952 1604.55261189 1885.12598803 1989.06624465 1086.66741991 1291.64434262 1809.09173527 1467.38580839 1784.57617681 1769.51313482 1465.09799107 1967.97996126 1247.67464911 1399.85171618 1972.22874072 1259.38542576 1035.76893509 1238.77875691 1918.05654024 1888.79993802 1409.64464313 1691.37119928 1650.69773741 1695.70641675 1122.85992328 1698.10402608 1712.46757188 1151.85935451 1340.61079654 1639.16427164 1345.93025397 1608.01468332 1914.54024593 1741.26508246 1661.94604066 1458.02250209 1708.75259101 1594.52630629 1355.6880762 1079.41669616 1294.68082341
1967.68196538 1694.37881808 1243.99648019 1964.39002811 1002.93307967 1841.04306459 1000.69667153 1332.37729973 1312.29343064 1626.74671189 1603.67087106 1876.31956624 1765.50241393 1969.56602685 1361.56840785 1976.96542679 1684.5541368 1785.01764513 1158.82990711 1466.04187637 1187.94922026 1068.70095319 1088.31224116 1075.06646509 1461.8332545 1510.33097766 1176.56867626 1385.18673745 1690.3381907 1123.11049825 1536.8590629 1516.66227392 1404.93701232 1081.69798299 1838.55560976 1259.72519658 1075.68970351 1623.83261918 1685.20134047 1788.18518546 1552.56182553 1547.89621467 1273.56351518 1850.58125267 1305.16837026 1861.855636 1253.62372788 1953.08705275 1347.0179745 1532.18625891
1509.67801805 1553.956861 1642.82175871 1084.23145956 1590.94772879 1287.78436537 1192.04228544 1395.14594816 1716.44250214 1560.74408822 1511.75387879 1505.08149818 1742.55767286 1989.07422432 1933.67313686 1929.24925925 1446.82625006 1306.4331277 1451.14860236 1662.48116507 1944.0965274 1405.71706382 1801.20720784 1240.82943103 1172.40407062 1362.00166184 1787.29102289 1778.16128907 1253.52396056 1791.66333725 1877.29870397 1200.111396 1383.50075913 1758.63843661 1263.15661745 1456.1915396 1683.38668478 1235.9813467 1826.87543822 1245.47945226 1188.85980738 1113.94079268 1509.28282414 1575.17027522 1871.71740802 1094.85592336 1322.38878591 1474.4236939 1757.79453579 1596.53995259
1603.53137222 1560.07133331 1769.93142851 1685.88677815 1327.62504725 1478.44603285 1616.87941915 1402.53072856 1834.93324733 1941.63303344 1966.84035282 1291.39752889 1681.31741565 1375.77653105 1011.15962875 1949.74801647 1377.14820043 1393.53991669 1513.26836749 1349.23137399 1556.03353279 1002.83332185 1219.73836718 1405.79222959 1955.78958137 1764.83898606 1417.87965428 1724.41386007 1635.78882167 1932.44541041 1783.24489387 1816.81463566 1170.46841082 1077.79502171 1349.96527214 1596.22309808 1474.58952603 1203.0520529 1768.45623191 1616.05351661 1991.02687718 1627.64901701 1729.5648515 1160.02892831 1576.59945891 1157.41181477 1651.15188535 1630.76102383 1709.39559038 1478.98598188
1653.38821734 1638.91232819 1825.80760484 1557.54405562 1362.31420446 1734.08134575 1484.24977501 1785.88807878 1305.39260864 1878.10822557 1326.31338719 1744.448247 1555.89835841 1092.07792001 1016.47460731 1210.92251352 1585.42749113 1044.1967997 1914.01012898 1099.69575709 1458.99522386 1360.90444477 1997.9427294 1156.41834048 1697.8872809 1634.21917292 1620.5161583 1910.05122737 1113.64114511 1261.5675278 1672.57668736 1557.79444339 1302.90836303 1476.50846903 1597.25343013 1398.87765695 1194.44830742 1667.16715186 1860.66465867 1812.82209816 1025.025677 1158.22953047 1219.80099771 1476.3039278 1048.45332221 1894.39221815 1835.14493025 1995.00045942 1805.8918273 1039.48247767
1404.71838497 1888.35808836 1340.10154999 1930.8215591 1797.92390087 1702.9269136 1324.07541871 1432.27159753 1933.29330336 1082.72096898 1974.59343279 1298.63559284 1192.52042038 1638.76686085 1221.82356731 1685.45236702 1912.03572925 1169.71521432 1372.38465618 1745.98675701 1794.9540749 1557.58328144 1584.8144819 1039.17299885 1054.55961312 1163.18052144 1852.46479951 1700.0651945 1048.24990216 1050.56308948 1530.36767459 1024.87819202 1320.89242234 1716.0625093 1730.19414199 1948.61087214 1045.25656509 1654.07631423 1663.41156576 1596.16475514 1903.34278727 1081.10892941 1363.33644401 1807.43982344 1553.25178846 1060.69274674 1127.10376966 1623.01661717 1373.1867493 1204.19783565
1154.00531521 1806.59030208 1824.40600555 1747.60011625 1551.14496418 1668.38756299 1968.72717248 1910.21337348 1803.29479198 1478.46345735 1854.49708757 1888.93028556 1536.92166221 1121.90429017 1286.35565118 1159.76522501 1564.45154981 1546.77731383 1341.77121129 1100.51393003 1011.12033137 1332.3507304 1936.55396899 1295.3339695 1976.60659169 1991.50222778 1854.80332287 1653.96189588 1285.25089373 1905.44793523 1357.95259178 1984.02053751 1087.96756583 1186.86114428 1455.51354579 1499.38183586 1797.37348234 1518.11185037 1111.90983368 1739.36142013 1902.15887786 1995.82574824 1644.85774808 1200.4706804 1614.6973673 1133.92617319 1029.69973405 1962.48968596 1412.75873193 1624.92891978
1793.40094163 1323.58087938 1556.37602002 1012.70305846 1879.27502088 1931.99037327 1037.01424283 1740.98850374 1885.396388 1424.71741643 1139.53425066 1372.23288526 1051.07006354 1468.67677413 1267.35186616 1639.49409585 1968.53086679 1980.8164425 1996.1556188 1087.93829097 1723.34138339 1695.55455898 1872.0417543 1382.54998922 1570.51259906 1891.51738841 1636.99850113 1347.64693002 1505.74938344 1813.35027334 1788.74088802 1723.09723866 1353.89717512 1617.36925105 1197.7830561 1542.50560265 1402.89931558 1775.22002579 1045.24007145 1996.06033322 1562.53701011 1416.5592756 1943.502566 1816.38467281 1980.60785072 1944.39866605 1974.01203644 1650.03460189 1376.49472814 1427.43051541
1534.50458787 1534.97379064 1344.00364842 1945.57282119 1922.25410653 1290.22834597 1695.57426841 1801.45739641 1690.68852393 1700.82420137 1883.29047954 1665.4468781 1236.39631707 1448.29532872 1258.74119615 1382.44395642 1843.30463844 1116.79616198 1612.44789613 1150.0344529 1844.20416348 1332.91188276 1082.77157538 1057.83438867 1325.86011783 1949.67882774 1047.8577189 1242.14591949 1101.85954541 1775.32439693 1982.02788476 1138.17935455 1673.9149767 1112.15420276 1186.86030387 1682.02486648 1403.25295185 1200.50175876 1903.57510479 1768.23697751 1052.03917953 1644.18523639 1106.97315372 1046.71380617 1920.83417646 1550.16012729 1982.81514812 1811.75367695 1790.58662229 1538.16595321
