Algies/Shelton_A3/testFile4.grd
ncols 547
nrows 547
xllcorner 0.0
yllcorner 0.0
cellsize 10.0
[rows 299 to 321 of 547, columns 0 to 49 of 547]
1128.42589504 1266.51283884 1806.36000426 1934.58248702 1907.6792307 1118.38120373 1343.09631807 1957.55466555 1679.15070306 1030.07899006 1686.82639285 1858.64714569 1353.20890456 1566.23766557 1358.75092127 1766.81645065 1122.57191109 1270.45764842 1819.75075958 1832.07506114 1269.66694245 1104.08519244 1943.83550543 1829.6291421 1568.60826464 1303.71426058 1628.06719339 1905.01190004 1029.07236172 1511.34838794 1802.47473368 1667.8967628 1088.25376019 1255.63518916 1433.01105585 1226.06198221 1770.29987182 1885.6733232 1887.57796835 1559.21040872 1968.98787866 1552.57823473 1678.28445989 1905.47763513 1212.27763349 1764.78553044 1900.1938618 1173.27763855 1287.05027413 1359.57841877
1172.60297539 1335.78180986 1737.08688978 1831.21631759 1762.0676119 1464.21855524 1656.02496879 1133.70658845 1567.37922457 1976.87476333 1910.17822971 1192.27577707 1528.91065032 1322.27966759 1541.72816371 1976.78553292 1195.56367893 1093.95667998 1532.04163437 1814.31112598 1323.64232989 1445.07868388 1250.47387891 1661.85990743 1456.66449345 1429.42965888 1518.5530123 1973.36631217 1029.43768068 1931.83828365 1136.29096624 1399.37172149 1875.4767735 1004.91958666 1723.49003066 1245.57816533 1183.58417493 1119.62267051 1198.48025516 1634.28946981 1140.75616691 1915.97037358 1716.04981113 1079.50571135 1665.06141097 1817.2330365 1241.43030044 1249.26334087 1035.76993314 1523.83199613
1041.78265619 1032.5730783 1474.40547757 1781.60453503 1199.38586481 1262.43845845 1700.48552279 1105.04787376 1569.35310005 1588.77398223 1147.97725117 1851.52056266 1055.96566013 1074.92797202 1617.78574192 1611.22342954 1975.34973377 1214.16112379 1955.79601298 1499.19844974 1469.96070269 1897.55353012 1346.00665141 1105.87116986 1852.6977845 1780.39248468 1159.63813437 1883.21838616 1756.75050216 1504.27478793 1569.91996757 1951.8253235 1092.45668271 1659.5828374 1082.36529997 1274.60229795 1156.99342966 1499.15367681 1103.41394701 1207.79805602 1194.13490614 1901.60229414 1475.01883947 1976.40293277 1736.99040609 1075.39007623 1155.79013497 1057.37967049 1788.04490867 1686.80190386
1709.94432319 1970.13220201 1864.69713372 1687.79225887 1647.54685338 1417.12966143 1095.27189823 1812.28028196 1080.94837183 1919.47542338 1828.98813326 1967.26135516 1584.5611683 1090.54853063 1194.12049982 1901.58101404 1384.36461412 1263.92760634 1672.85650716 1506.33541404 1108.49576169 1490.70781414 1176.9990474 1405.05977373 1047.60720451 1700.9096092 1491.82738106 1883.03528771 1838.29597107 1833.94680212 1446.06234359 1441.41935296 1838.88513415 1083.31290339 1989.53222737 1888.95295782 1451.1402723 1674.50394452 1438.6365483 1920.08639154 1821.79630511 1374.43233254 1189.85104405 1466.40537265 1584.15648149 1122.67910931 1873.73240913 1156.75539233 1637.37154059 1990.80059417
1863.46999642 1700.01827087 1522.41095831 1570.48935218 1397.78964956 1359.23524654 1050.58971235 1487.59623463 1670.65730661 1596.87769653 1165.08443229 1743.03636523 1847.54743705 1497.38095906 1155.29443249 1581.28192752 1513.47696312 1487.72775742 1117.84655399 1958.76019772 1889.02938693 1923.70989211 1089.55912208 1001.82869757 1196.22764386 1654.59039264 1002.20634951 1759.52071463 1714.51341508 1303.8121266 1954.35756983 1953.44680476 1662.04229361 1310.73927391 1336.50613502 1638.15731411 1099.93942347 1811.30653023 1838.9313126 1175.68564799 1115.58854486 1784.22787883 1931.65459587 1223.66924589 1120.15147142 1130.65426403 1996.26529873 1479.27422209 1264.73805925 1805.2370176
1380.97145739 1038.38307851 1051.3191738 1759.27757334 1274.65739975 1384.00714298 1724.2620934 1001.80168478 1761.97424652 1397.0077807 1448.5364432 1102.77317649 1548.18652692 1723.98741591 1789.02033428 1679.73532201 1716.35857463 1588.84559307 1280.07234805 1940.0433416 1502.52558229 1087.7674502 1432.08410115 1500.30822721 1383.12732489 1258.96854712 1725.31532292 1282.47987244 1252.42991976 1777.1069623 1796.64994076 1614.72110935 1796.24971331 1755.78078191 1303.37190264 1423.44123432 1125.24847517 1931.69229436 1642.67115077 1571.81713306 1054.34939906 1139.82670034 1636.33402253 1102.40762376 1237.884698 1921.64712578 1239.74315555 1393.5338018 1766.33353861 1322.33908703
1479.88899343 1922.28365422 1353.98494092 1676.83784795 1151.68061013 1581.55050181 1643.71494869 1390.6837081 1713.97424868 1924.35294389 1993.34993844 1060.16000551 1887.88247077 1244.42490978 1321.7252428 1840.44055571 1235.79831416 1713.89085336 1844.77785786 1920.84640922 1127.08426494 1827.45675231 1008.82868665 1643.87303479 1049.35727268 1697.99615767 1340.37894486 1648.4146682 1173.10424576 1359.0099074 1848.51531029 1608.1997912 1902.44669427 1292.457271 1234.55346074 1667.90024154 1507.42037236 1526.72088839 1028.97744548 1274.2357503 1949.80654126 1055.09133057 1976.22466672 1552.4132669 1892.84196094 1083.15431101 1719.29624432 1977.83542186 1100.73739372 1717.6707056
1661.53125145 1530.24587023 1606.7319488 1882.57103248 1244.91230269 1522.22132469 1161.81611913 1349.22744177 1986.90916202 1158.25952675 1949.97095424 1577.19791897 1797.0233701 1671.42811148 1318.86743071 1869.96469953 1279.54831942 1023.49953783 1139.73854965 1902.2838104 1051.3636242 1925.52523438 1565.17280879 1282.44601209 1195.66482283 1391.03855983 1038.93288022 1520.98025035 1331.0710426 1551.47997533 1923.12236881 1943.84674912 1766.11482287 1353.23335396 1159.21877954 1532.95114101 1524.08595131 1321.16789953 1638.40490756 1245.98463575 1121.69997838 1017.56035355 1004.84660399 1360.85800738 1084.59678465 1960.64059475 1362.75619967 1015.08434516 1541.36207954 1307.53953181
1441.83407607 1982.74881522 1847.74734248 1237.35396105 1452.6699617 1768.26914432 1568.52448791 1002.01632287 1678.8497083 1182.62708754 1622.33311236 1441.2094717 1722.67192331 1238.72786171 1032.12247041 1750.0343596 1696.04809895 1398.04006302 1880.35968769 1163.44020569 1276.9986362 1671.87824709 1559.31417168 1663.95251111 1292.6336289 1981.72385338 1899.11422142 1531.2578526 1981.61076316 1252.95424957 1212.35617262 1293.05855002 1142.60559508 1143.71812293 1040.61872514 1171.8647741 1842.829232 1222.00978963 1019.99760567 1639.98461554 1561.39069282 1519.72349115 1535.1683655 1778.56140822 1272.30348744 1735.40235708 1829.87547347 1224.11722213 1303.94644549 1167.46381544
1807.74274963 1947.10022486 1563.37067243 1691.57916395 1215.43895756 1617.94235527 1211.13055034 1892.21689934 1454.59130375 1820.01441133 1684.1383825 1455.80333684 1702.84398718 1838.15309846 1440.12928233 1395.07004678 1130.18524842 1214.89389256 1210.09892552 1336.06855188 1686.67840243 1119.21748048 1409.89667625 1159.61906853 1946.48951707 1974.59847651 1142.88407202 1570.59685476 1940.76474482 1369.88210802 1973.18947033 1897.22373885 1954.70696291 1156.56623181 1166.22131488 1864.62240219 1692.84947859 1491.63671868 1228.97609035 1059.35283768 1571.43040687 1643.41519513 1024.34313082 1705.79944086 1580.09677899 1507.0784471 1951.6654786 1478.6177498 1797.36832291 1583.50984896
1553.42037358 1168.52924349 1036.21544675 1617.2672674 1039.06063294 1866.59213293 1987.5121306 1937.18250776 1957.67335965 1453.78285394 1956.94355573 1276.46276038 1982.29199551 1672.28812738 1698.03334775 1084.58271739 1508.24694638 1560.34452996 1975.70769875 1908.9887724 1762.17745126 1088.39020969 1239.33408144 1043.13997414 1996.15448417 1409.59419735 1296.07094849 1845.11659657 1230.18674932 1200.97382011 1485.32637812 1978.0607316 1795.19826324 1401.40759658 1604.22158483 1252.52739867 1834.14254886 1706.40962587 1048.34694532 1593.07490582 1455.29844279 1050.11988424 1561.17421465 1293.76751119 1470.90510843 1972.14908648 1687.9647295 1447.30364809 1780.09296967 1168.99465052
1955.69904545 1296.37021754 1461.55682886 1402.4681445 1408.35842753 1160.16993114 1079.27126972 1327.58352815 1027.91013789 1876.1011868 1619.74972034 1232.3929635 1745.93907634 1201.31544056 1379.89644603 1484.83370874 1460.73049747 1217.83132027 1245.63613397 1625.3425768 1559.61190798 1958.12722988 1891.05229865 1377.72045319 1352.45584334 1195.00637564 1681.18744923 1661.66488217 1197.4777895 1736.67809553 1050.93300498 1865.23177375 1734.65333189 1224.65582721 1546.93348253 1388.15512979 1451.22712208 1220.14750942 1754.69788708 1393.51750743 1273.10128868 1772.73686993 1000.05714557 1006.5307158 1239.14458276 1676.76062754 1474.99514138 1549.71760078 1220.40344189 1437.34429279
1830.66844256 1813.61262782 1949.80764554 1253.77461894 1435.39665648 1885.34917136 1913.3893936 1207.92815431 1698.96249385 1086.247966 1143.7238924 1723.03305233 1478.87547503 1127.25458877 1368.34293878 1082.86122755 1195.18277106 1742.46483684 1607.25639481 1353.20245087 1584.93260797 1459.78340095 1297.09378446 1652.49447933 1909.28375257 1851.2557381 1122.10282644 1719.00186399 1614.02537236 1282.90517226 1405.01956924 1203.44252242 1601.49034756 1341.09114143 1737.46496695 1864.08736428 1322.74315911 1948.66498714 1965.1888114 1470.36884999 1426.76973587 1455.11410438 1019.78208372 1443.9132025 1581.18597402 1133.51862325 1865.21005156 1760.59299777 1509.00700284 1439.75623302
1962.13372662 1414.07038796 1343.1566467 1917.66494856 1802.38145033 1254.64976409 1783.72786158 1956.01327754 1655.05500817 1143.81559886 1339.87071948 1235.85970088 1254.26063958 1933.76426807 1672.66480789 1032.59890558 1554.04398796 1985.41427632 1658.04176983 1738.66147915 1709.05326821 1807.7263098 1333.32715392 1862.72377878 1133.17937255 1166.61784792 1833.24169551 1964.80717788 1129.60343013 1502.53960732 1694.70248151 1252.08530309 1894.53053531 1474.24321794 1537.11230153 1197.25283323 1710.67228442 1121.08598059 1922.89380758 1546.07020168 1267.11039202 1971.12018344 1130.85935405 1261.67154221 1929.41562733 1946.1589551 1069.01768958 1289.57832626 1933.45131721 1160.30814002
1075.82365502 1248.09367064 1544.20377122 1171.13594493 1132.86416631 1423.67404795 1042.35628629 1863.3000633 1611.43754309 1944.40624376 1303.16836755 1559.96141746 1452.84353824 1314.16303099 1767.1393957 1706.03046824 1517.2481728 1145.64640335 1179.89491776 1553.89648358 1695.22245276 1166.04028798 1227.81050639 1499.83481882 1033.77664045 1807.26414424 1090.58428991 1095.86490231 1339.30186716 1526.40431187 1719.15820268 1903.61643454 1047.1557874 1320.17658402 1101.06131308 1405.82727006 1155.80773355 1883.18387031 1001.51007775 1360.23528399 1403.49025683 1445.77703646 1357.55392044 1805.42265936 1260.85008841 1972.14263401 1836.83003806 1171.83988326 1464.42295021 1899.90752571
1109.72808469 1533.65344442 1754.4585703 1782.81446762 1293.80051093 1348.05383666 1558.80488002 1883.82433789 1199.80385576 1696.69871746 1584.88876198 1779.93791534 1605.46892862 1364.49765938 1007.15037819 1227.14626778 1031.66827942 1564.59983261 1984.77770003 1514.45146582 1591.25297984 1032.26964159 1728.88252138 1737.28980889 1301.13498596 1688.587567 1085.85138212 1565.17574297 1876.37932195 1405.32898909 1897.56136638 1591.35433229 1922.09982698 1169.24535508 1578.86647805 1255.12410484 1800.78028293 1300.11331071 1850.04717995 1311.52913544 1932.11270516 1814.51799929 1489.3567745 1430.37340061 1745.48786012 1385.80890184 1065.92635268 1678.57507126 1929.98823397 1227.0008135
1919.88118072 1593.86438977 1203.1589935 1430.35137206 1323.65342558 1813.85052169 1702.53182905 1577.50975294 1778.39718556 1351.91180905 1003.9934276 1430.52498435 1902.24653406 1722.91622993 1253.51713135 1614.58799019 1767.59198434 1368.90970924 1078.46569557 1690.28128394 1759.97667264 1256.41749982 1533.60392261 1838.61727185 1911.6171147 1565.67972253 1355.54679235 1314.26336928 1308.32031411 1701.98548372 1244.32042635 1353.52629505 1142.54447406 1040.80762196 1417.37421809 1874.03879913 1905.68492016 1840.86920507 1786.5073042 1082.74238244 1232.88290679 1463.27450742 1216.84572959 1464.05381807 1112.23724091 1008.31073118 1111.66031479 1706.78101024 1583.93861442 1063.73635274
1532.14763611 1520.89940645 1999.42942695 1245.14157384 1173.53835352 1303.22952692 1853.54488245 1944.85512666 1365.79612905 1717.74205677 1276.54599795 1234.21747347 1838.35648245 1700.63037996 1269.58184045 1657.22498078 1636.71437589 1481.13846953 1115.34915747 1714.12910665 1680.11686024 1885.74858728 1881.08079571 1247.57453043 1362.63376479 1412.03473947 1852.81071242 1878.14081222 1535.15043869 1225.07615415 1770.04308886 1173.0898837 1196.78515002 1412.30162637 1038.11760795 1721.35428275 1095.64285587 1228.41920153 1180.07059448 1828.10955778 1139.11564232 1713.78067286 1365.12711699 1983.35516305 1641.60907462 1009.60219912 1010.19415676 1892.67113147 1564.4446756 1338.11574498
1619.24598355 1986.56499775 1758.07350459 1112.84759007 1947.57459463 1225.19693685 1258.16226388 1521.53555268 1468.3346405 1360.16589004 1416.98616306 1356.78611175 1727.09047954 1854.91966186 1877.43613803 1001.70550131 1388.45750251 1413.90302775 1998.6716542 1613.7073601 1995.58578096 1647.22799736 1452.70889622 1752.84320297 1673.41668974 1547.53850604 1819.04105405 1288.52351221 1454.0210469 1749.52129513 1111.57654324 1374.86683324 1222.56993848 1491.74874339 1379.29807657 1985.22080426 1725.93212001 1907.97983534 1362.80358974 1341.05845566 1018.940894 1625.63567099 1177.59203971 1776.6130184 1877.2228476 1993.41006618 1120.02134781 1503.79733094 1557.35668329 1192.23587794
1877.12239231 1131.35963826 1815.73631164 1068.54786766 1479.81534863 1488.89574699 1421.5177841 1001.40065926 1485.92800555 1203.45384825 1123.6159497 1981.0212287 1289.30376346 1234.10635812 1714.17227144 1525.51500708 1120.04020464 1049.28308559 1829.38075997 1962.4430272 1947.19765511 1787.47432564 1465.92855939 1902.29101791 1524.06458243 1761.07214268 1646.45132142 1464.63605093 1250.76093286 1121.11435774 1858.21662288 1223.70413535 1820.14057422 1358.88881316 1340.06441427 1501.01690534 1847.20075409 1492.8568015 1316.17686911 1635.0024476 1909.13940617 1764.10327741 1472.55876755 1513.7701322 1799.55968012 1430.96626892 1813.20911933 1259.48560991 1452.39755365 1613.1301964
1365.89575587 1058.63105825 1806.44595664 1977.75675662 1413.99768457 1557.3452923 1983.99715471 1586.4805503 1827.51242053 1034.95919829 1989.87112325 1695.67608533 1084.0004041 1255.2979101 1239.59582407 1462.81288495 1530.01927557 1110.11105767 1478.98372144 1253.93996924 1808.4624336 1445.21577864 1070.2304315 1188.26583982 1052.34963837 1438.77029628 1792.40549274 1826.5640107 1982.50816597 1410.53150653 1799.46091474 1788.88642467 1674.28652705 1419.49658134 1975.1852376 1757.55939943 1525.86144399 1391.88790527 1256.46404165 1309.02082027 1535.85720723 1060.84535366 1224.34316217 1449.46102692 1068.73524372 1874.94188035 1296.56885807 1979.02348825 1217.11552448 1229.83264203
1640.66584817 1062.08371361 1934.21437355 1675.9155137 1513.46725611 1305.18172795 1960.86246164 1632.01951157 1253.12520041 1890.15851694 1599.19159752 1512.44360568 1616.79280204 1565.51199355 1239.94472469 1168.19943053 1917.78198186 1034.70132454 1809.77736149 1754.03473975 1125.13090472 1228.65406639 1775.18729368 1339.7414166 1098.30547064 1267.54307734 1647.15868709 1115.58292278 1081.86368266 1749.48068 1684.75481199 1715.4137343 1396.13471494 1883.2898001 1276.64807741 1945.11628318 1140.19491347 1307.47628367 1836.18417857 1667.34337918 1157.3234262 1434.15954417 1145.21738579 1306.50089506 1092.0246343 1524.02803341 1708.1441824 1116.40134937 1543.22633786 1344.76001247
1857.78234239 1653.08612245 1403.60708691 1266.06983899 1887.8607511 1757.29617256 1560.50097889 1608.045036 1659.74545557 1475.28610799 1808.66369233 1962.629761 1135.13890049 1205.89450531 1207.89447687 1445.45012442 1637.28547652 1492.84404104 1608.1718361 1889.80488369 1563.23891143 1155.90861001 1902.20927733 1366.753974 1211.19694282 1832.83637246 1223.1330564 1474.20810617 1730.19767063 1121.38720646 1772.18027199 1371.09357821 1431.86599919 1386.79886114 1699.30339444 1618.31461126 1555.57985613 1668.98713446 1111.42617005 1149.11049482 1647.40448568 1357.60308685 1691.12075673 1994.22440013 1581.43754379 1971.21307281 1908.29839983 1892.40493807 1093.95009132 1699.41378463
