Algies/Shelton_A3/testFile1.grd
ncols 316
nrows 316
xllcorner 0.0
yllcorner 0.0
cellsize 10.0
[rows 276 to 298 of 316, columns 50 to 99 of 316]
1626.4505984 1878.46207359 1624.6974091 1123.55628058 1257.34555375 1116.16439774 1055.96732817 1475.82609665 1844.35671537 1986.01558487 1390.90693946 1322.20160447 1011.45886935 1080.4189529 1922.62579821 1771.0630443 1748.39260072 1793.22080145 1711.48599727 1543.3050135 1681.83298415 1415.13161359 1720.02756071 1886.19287547 1153.6273962 1055.24575635 1250.47270103 1096.33451973 1364.81055341 1706.5663101 1291.48922713 1384.3352281 1914.80638309 1294.17361236 1051.25169414 1511.36655071 1739.21150578 1352.04861178 1093.74333849 1376.93386117 1470.93069028 1498.12874476 1852.27068791 1446.9041628 1449.86398371 1436.35398133 1516.22393998 1091.97975184 1857.93699948 1187.88002554
1998.29146784 1577.34400755 1085.49626878 1891.95195426 1167.77337311 1457.16115567 1529.86810262 1278.01991191 1934.61441099 1098.14581481 1667.2291021 1022.14687186 1081.70347976 1690.91095997 1491.92840656 1915.30296949 1970.18035124 1221.23444681 1080.91968433 1416.16292659 1520.14110997 1205.35850442 1379.94451388 1265.34291563 1050.89939846 1116.65757346 1940.97876695 1468.48615076 1921.31535609 1246.12802554 1646.58240758 1132.23401838 1462.68919607 1057.32970242 1928.09026617 1253.83347355 1036.98653656 1735.43059582 1074.84813696 1589.13908447 1366.34825557 1976.22789844 1761.62010727 1981.0228592 1866.86880974 1095.38628128 1902.00509217 1432.69716359 1298.65300178 1395.22624363
1398.68860166 1800.88528459 1889.79504964 1880.96885717 1127.89726953 1069.2624328 1035.95980586 1379.88197217 1638.07601006 1406.77543947 1285.50130778 1594.89484788 1947.18568904 1810.58880051 1631.02551019 1112.00630283 1799.40195145 1355.99125051 1835.10032655 1314.21301744 1576.13749789 1297.02571307 1882.16328615 1767.59312651 1215.3764177 1617.67406377 1225.98522466 1923.29756448 1834.61641293 1751.48678263 1843.4271663 1371.69955533 1259.76290651 1187.2101184 1598.34646807 1990.97034076 1143.48242283 1510.30676596 1051.19383003 1324.90182897 1049.64527114 1179.48535432 1280.87050571 1705.71034364 1028.95527882 1007.31373605 1792.42016152 1886.38578196 1074.15067691 1142.7493783
1796.03190815 1655.83422901 1342.1309595 1041.6538288 1393.1559373 1089.25656089 1063.17966019 1555.66903439 1013.1601437 1784.3573139 1633.88709923 1953.12480537 1389.50961952 1775.70239553 1815.59918229 1728.05366613 1177.45669887 1155.5784819 1789.31637939 1657.58241694 1888.08494129 1940.58648376 1335.85317425 1675.4871341 1481.94106839 1508.26829201 1648.83948804 1430.22306288 1608.59947123 1366.74258074 1028.36543564 1554.70973373 1338.10768307 1530.52237448 1614.30301395 1167.61324429 1940.30471037 1795.64104694 1318.70287078 1584.93207914 1253.91427542 1161.475737 1020.92495379 1219.43259072 1230.50134002 1844.14277159 1633.11033722 1082.05857977 1962.08553972 1213.70182974
1630.47641663 1276.11738142 1053.43505263 1870.32825259 1131.35527006 1857.17822033 1160.27451323 1989.44726287 1719.82570713 1478.86064186 1597.56463549 1200.63702216 1669.96592556 1856.5553221 1241.73089964 1039.29918855 1888.21801282 1308.71040585 1031.47285585 1873.96912102 1649.75516046 1225.51507032 1149.25540662 1213.44307428 1170.97273679 1205.76528885 1233.48509657 1497.94698682 1754.95286174 1498.5192935 1146.56192764 1603.50001785 1651.93458668 1519.95922366 1533.42539794 1801.10725729 1227.48950825 1395.2152275 1311.74011986 1813.37379372 1768.43328582 1755.07194964 1099.76922187 1913.60881765 1356.14255527 1903.87023874 1761.62360976 1679.41234145 1666.44828804 1062.74833902
1058.61370078 1958.20555624 1490.06263249 1201.48484758 1392.78111231 1680.94496068 1965.16165482 1050.61439247 1907.68779058 1685.13153049 1710.23368195 1750.8004376 1861.00078746 1385.32178619 1514.31242388 1089.72041366 1932.30362308 1137.80837034 1649.14237505 1712.56757497 1644.16527146 1476.13892399 1596.92054097 1159.47424113 1608.6176874 1160.82464151 1174.71894971 1761.63345236 1931.25551408 1917.78131288 1821.78117067 1655.17220855 1804.40019904 1953.59428949 1779.7752448 1184.00806328 1911.82500635 1552.82852886 1118.85928093 1509.73140192 1361.8163258 1905.60686171 1075.5085646 1463.73260658 1410.42229219 1278.31456413 1556.64872063 1696.86347396 1236.71344863 1678.73040177
1243.85171633 1318.54436487 1428.77429473 1555.54399424 1885.4698088 1019.41578411 1080.48565603 1709.93270852 1731.74381397 1951.71330464 1005.36120636 1374.48351051 1620.1538607 1966.1391301 1606.96737043 1569.29436828 1745.51135183 1850.83804973 1935.22874782 1004.42380371 1983.88412315 1235.26595467 1460.56149523 1837.90514086 1224.01262987 1183.1804371 1953.71480421 1136.41373254 1264.05854905 1976.69212985 1821.10531435 1059.46451352 1890.15958939 1340.05999543 1659.43275249 1391.59274103 1398.70210464 1571.14939786 1052.51050224 1453.79393309 1068.20131829 1973.78053592 1721.31981286 1604.67852858 1009.4141302 1625.28149347 1361.41702243 1895.90307061 1588.92111607 1874.85379619
1118.86610522 1758.92385133 1586.77990214 1720.47573061 1354.36093346 1255.68375897 1788.15067409 1831.54339878 1123.45953735 1050.31575945 1062.78062034 1681.43106958 1256.93286532 1580.06994192 1082.82749767 1963.07673713 1111.2787483 1197.52151726 1851.76557687 1794.20293806 1595.72656513 1531.0263496 1725.88838148 1683.32531288 1560.0201378 1483.61548368 1068.18314673 1048.80554566 1830.88477941 1047.90810276 1827.70280182 1292.72097985 1854.86310962 1188.83633843 1886.98982809 1590.94428911 1678.40749297 1302.6055454 1399.79211495 1472.43173195 1710.22279547 1774.23446237 1617.79603835 1557.36514217 1512.91089713 1239.20127981 1633.12356429 1539.27167266 1936.30647698 1007.59641319
1233.8850379 1579.51365867 1805.70335757 1867.50971953 1692.38420945 1963.96003625 1352.36572836 1698.44035468 1995.42054884 1883.03823515 1691.36900761 1362.75844124 1311.51690847 1392.91934299 1306.04676072 1769.81153041 1098.4100409 1366.33679048 1019.91783623 1095.23878325 1985.464765 1818.44365787 1081.8664218 1664.61051389 1093.98740119 1757.17561217 1757.52785036 1422.24272815 1689.03673591 1696.08626848 1186.96924173 1055.05746774 1444.8779508 1763.85798572 1657.28743203 1832.33083957 1880.68696812 1480.96052249 1344.44783136 1586.29971815 1456.55128571 1034.69113446 1922.98365794 1481.27640628 1217.77834511 1361.51177669 1574.26944338 1322.87702618 1655.34655792 1067.89064304
1929.68550781 1586.53692126 1034.31832579 1791.51342937 1183.24801839 1908.27237086 1740.43110435 1586.62271082 1692.7693434 1736.67076914 1821.47786591 1675.16434863 1024.64981508 1601.52362338 1371.10300589 1051.75920094 1710.9766856 1414.26200613 1936.46170381 1868.56203066 1522.47585628 1311.94806221 1050.9875758 1097.58127604 1128.92385207 1857.14438729 1245.30319172 1145.53062247 1303.59276173 1058.6219014 1447.36890214 1940.95689249 1750.5659024 1759.08923561 1287.68148407 1553.18112909 1666.99686718 1728.4954816 1764.08932797 1909.08012905 1985.00294668 1660.6485051 1070.57578158 1513.82987885 1206.3060735 1623.9668471 1325.27016503 1841.61690265 1461.90827985 1979.53464971
1182.08120906 1615.49126495 1793.33141653 1028.96801099 1983.80984756 1929.44620384 1265.34385028 1086.47520647 1177.12018642 1723.15185904 1065.47529019 1263.76188288 1397.709271 1925.49794177 1152.55355453 1908.18188583 1259.74541761 1175.31127182 1608.86480477 1877.86679232 1396.86624467 1607.97455408 1772.08062408 1589.53364257 1541.49467824 1775.60006128 1059.14616576 1905.67873631 1315.02938678 1554.85883423 1454.53209724 1541.25233477 1530.61509306 1682.4214598 1276.83036592 1735.96164538 1327.56753488 1734.37781161 1689.74107967 1704.68382127 1632.72831364 1771.53708417 1765.48129271 1366.01855769 1763.92158441 1627.71606187 1463.12629125 1995.64572749 1946.0393696 1665.99977207
1319.16695998 1764.78070959 1734.71779667 1148.99248358 1984.81084008 1027.65003519 1329.13362363 1937.78466982 1850.91072032 1065.82483866 1384.65357306 1413.98296646 1901.47944335 1537.26270334 1514.39238562 1129.26185205 1897.84796507 1914.2164092 1140.63229704 1878.76417933 1214.69038857 1453.83151352 1847.5491903 1803.0281602 1160.61378271 1569.14127553 1085.17037457 1222.4698932 1721.76297589 1202.06465832 1511.39791632 1102.81483041 1520.07565921 1267.54914241 1818.52241084 1670.02901237 1952.4178978 1806.36759269 1971.27629408 1677.21322929 1830.37661473 1145.09760475 1155.88627909 1942.22354726 1645.54158681 1359.21961532 1413.11180907 1899.5613899 1408.20316999 1085.81526532
1563.77384728 1064.27320286 1542.72563171 1922.41529238 1453.6933181 1335.09900501 1799.36805468 1207.0272045 1694.13872331 1577.41772153 1567.28879348 1851.76719531 1079.15926504 1023.68179699 1082.47931355 1786.45209715 1876.95690349 1270.13818415 1348.59109701 1073.21120367 1516.68033171 1619.49675065 1251.66141145 1047.32149328 1034.80731971 1662.90787324 1762.24331525 1684.53453392 1281.48731717 1684.15051563 1568.70420748 1029.57504906 1236.88712423 1791.38189388 1866.10507944 1067.0119165 1653.23327362 1267.81413944 1280.56191893 1021.20832615 1765.05444446 1317.71841985 1825.86714262 1985.2625104 1879.84969087 1416.30853521 1649.67800008 1358.67733693 1010.19731568 1061.90657819
1294.96321294 1916.4781634 1265.21274124 1983.82317143 1684.24176969 1601.2002139 1574.58009089 1988.31236528 1844.8609879 1331.11476051 1723.77965879 1499.96950557 1975.28930492 1611.86127614 1891.62729987 1326.55436093 1121.15570395 1830.19023144 1310.61758352 1150.44025565 1139.87739257 1324.54535788 1885.86386717 1975.79128336 1704.55981614 1064.28077472 1001.29283561 1875.16305578 1211.16391154 1792.39426542 1106.16658309 1830.27691064 1087.54176426 1276.34683055 1084.06141475 1021.6979115 1442.02357149 1693.57340402 1866.07357649 1896.64236024 1140.34998319 1094.46807333 1279.16239372 1409.40595951 1208.37674171 1134.11257661 1905.97137611 1256.82395288 1621.46291549 1280.19594747
1994.45980727 1735.13138058 1065.47401203 1619.35179531 1294.25141851 1778.64287915 1007.53766402 1566.70682508 1846.15070619 1563.74861679 1165.33864329 1093.51558064 1150.71769485 1246.74704863 1688.8922089 1525.06685156 1109.45713607 1989.72246867 1207.31311834 1420.4610763 1050.30877485 1889.18269738 1903.17095107 1019.43325503 1540.55199169 1667.93562817 1266.55848553 1182.45096409 1530.22030761 1924.36422814 1254.26544868 1364.88224641 1985.52168571 1988.44341926 1974.42045817 1908.70038889 1981.46315438 1933.48700783 1016.97664731 1400.12903952 1458.66667057 1883.29332664 1139.31171085 1191.32488042 1331.39973294 1317.2526402 1301.67159397 1768.09307475 1020.55134296 1580.98939091
1334.61803006 1732.41392367 1540.15465932 1031.79818272 1872.45393741 1148.95409854 1128.84205808 1443.86060997 1253.16993732 1912.90707354 1302.36886746 1811.06804105 1576.47294002 1078.49882418 1785.0108281 1561.7409631 1244.81295762 1107.68135298 1942.9084699 1479.38550863 1434.30055549 1341.83035389 1727.33239893 1770.58345763 1430.2089966 1047.71781559 1188.35466484 1755.0334136 1588.89395968 1017.41789174 1242.52343625 1112.12358081 1906.82852169 1179.9638409 1787.7619305 1228.31814535 1402.11199252 1028.72865815 1577.19070466 1730.69524767 1263.95992688 1370.75304278 1320.92557597 1900.44132277 1194.81572273 1789.82096414 1354.15609339 1436.91033139 1707.22471018 1194.28134542
1306.59765553 1529.02905168 1458.48252758 1227.00759731 1566.12563588 1571.23497179 1084.3789489 1617.19797671 1248.70018771 1555.61655296 1882.03899621 1612.35069126 1378.22305656 1640.4876745 1503.79394984 1352.56241503 1614.55156947 1191.02113533 1476.85251645 1197.22351536 1474.6658541 1566.67179411 1509.53115255 1917.0757617 1296.79737311 1033.41272101 1842.00826456 1298.78114157 1357.48998136 1247.47612147 1172.51020384 1647.78129196 1209.17796547 1977.59330638 1878.90973439 1332.08451162 1841.23667905 1159.27014692 1263.61379883 1259.83582375 1160.6321977 1434.71147422 1603.57017278 1712.82696159 1208.16702616 1476.93724807 1019.11088737 1841.03545372 1333.62310783 1999.88614819
1365.48526132 1287.4626071 1397.97101609 1950.31910869 1221.99768413 1376.60252243 1055.24469131 1228.90254005 1472.34808113 1056.75372642 1337.93346372 1409.23648689 1956.97423721 1740.34102397 1910.40824161 1079.18099387 1497.95023582 1434.55221196 1842.60249931 1429.15527151 1259.75814865 1252.28817454 1861.73142561 1759.44194806 1550.63746458 1844.68257892 1443.95686669 1350.62064551 1428.42558368 1155.34868108 1818.38122183 1842.40442431 1549.41770333 1088.224687 1540.80297714 1929.00096103 1139.37568213 1878.10820443 1349.72250138 1181.99814376 1931.86171595 1177.93647813 1276.03483449 1687.10215736 1243.54298675 1448.43322884 1144.84079027 1149.8805802 1995.96393368 1308.2979985
1237.13238846 1701.3228567 1176.20515611 1696.45069152 1838.97309604 1453.95698683 1072.36449502 1021.8860565 1847.95846648 1331.75312275 1409.3849674 1469.30322607 1233.83294739 1867.58926568 1011.49758751 1657.35835989 1706.74070154 1978.65081948 1431.52078638 1220.53359209 1809.04287791 1953.57360412 1101.91608062 1683.98832273 1946.93798175 1774.29332954 1671.51037341 1007.92334793 1586.69899694 1092.67525024 1578.23375003 1195.79797987 1329.77525838 1440.41645355 1111.36076933 1520.45687296 1894.97234451 1057.27082104 1783.78668016 1302.65202715 1475.54021792 1770.35077807 1429.75080401 1815.15693633 1782.80411612 1477.7136655 1412.60750579 1567.56567204 1949.42297595 1220.39689951
1977.33488291 1518.55504379 1735.91011154 1153.336356 1925.35156303 1761.41756551 1188.40398422 1789.52711093 1060.94287422 1001.28903042 1851.15378808 1647.00980937 1822.20523398 1896.23713595 1581.18862775 1225.80275181 1137.79388307 1878.88284451 1713.51440326 1164.59539615 1520.0465006 1009.2521142 1311.04385377 1735.15357293 1954.82312045 1899.37675011 1320.66417044 1489.36025251 1921.38692173 1537.46823796 1575.2064421 1796.79266875 1336.52915479 1655.84611859 1897.35544667 1523.36224343 1218.58894886 1541.70673114 1462.97571556 1350.5145536 1616.80840334 1034.73214399 1042.1531092 1662.1640656 1506.65771164 1689.91491255 1260.26706907 1525.69570437 1651.8532208 1253.3502415
1855.48334439 1057.06663024 1745.48983318 1992.80511424 1631.7490772 1815.43965332 1186.17469018 1743.0864343 1163.74169435 1575.23600198 1189.01253227 1291.07969867 1327.15633327 1873.45244295 1717.57253952 1179.32400915 1954.02280806 1883.7742473 1344.16170525 1374.40452238 1189.35904335 1130.49748925 1963.11417579 1710.9965342 1730.42719713 1918.77308049 1626.2228182 1613.30387853 1102.15224828 1950.62125729 1118.83909584 1447.47182132 1815.55461125 1937.19775582 1878.66955831 1771.17062988 1422.59482278 1069.9874258 1527.90709126 1592.05909229 1271.90967856 1845.82939936 1592.3879835 1713.7767616 1924.05208002 1092.06648874 1116.2578921 1630.06677128 1826.69186333 1644.82524599
1562.82678984 1954.66039878 1511.07565808 1429.79524458 1835.10432109 1305.30776462 1955.67300416 1901.18355451 1012.46038953 1602.97956974 1251.45525538 1513.02092908 1405.53779769 1570.12615756 1256.63363398 1339.11288939 1956.99349075 1016.38352147 1447.0747136 1866.41600046 1901.24044051 1458.00831667 1504.89972986 1948.16568026 1351.67921595 1687.6357318 1287.37525221 1071.07017987 1980.17136697 1403.11266061 1081.92964935 1389.24672074 1426.97533922 1816.65656434 1815.37519309 1102.74495345 1684.00836854 1718.30292819 1658.77223089 1144.86572851 1433.21619325 1151.81949878 1114.25130765 1806.80812411 1243.58037742 1219.00866762 1102.29517698 1419.74521783 1795.95121678 1921.82746416
1069.96664454 1794.2957926 1772.88385681 1192.78035632 1772.42430018 1253.20729574 1807.63768169 1777.09893605 1394.74573745 1071.75492278 1985.79050753 1484.55281902 1125.92539611 1052.86116084 1183.61122438 1428.4817029 1897.58886227 1463.05266192 1260.73403035 1942.83829822 1694.99221975 1856.8940916 1551.72894257 1625.09832241 1953.507851 1577.83336536 1675.89962203 1985.64191625 1290.21418876 1391.03855306 1360.95090154 1495.68926097 1858.39089951 1928.86882793 1723.39959115 1367.49491132 1672.1595093 1464.68951727 1780.08706439 1532.60801475 1710.27563843 1191.13661362 1367.84697208 1927.76266341 1870.89583595 1457.83891643 1560.24252999 1927.0987857 1821.83896046 1223.98241298
