Algies/Shelton_A3/testFile3.grd
ncols 447
nrows 447
xllcorner 0.0
yllcorner 0.0
cellsize 10.0
[rows 92 to 114 of 447, columns 50 to 99 of 447]
1421.73680814 1575.73559832 1517.31727463 1035.23044226 1497.39655192 1198.90126546 1726.04907825 1279.79130281 1487.98236888 1221.54239149 1965.33736948 1210.4980034 1196.89631557 1513.23267512 1812.17636014 1519.30995178 1633.79481994 1716.18235361 1582.90524533 1198.27195579 1588.6522106 1939.8834423 1491.45617619 1900.26675228 1499.65114919 1787.44830703 1004.45176089 1687.26983661 1553.69014168 1422.42903718 1002.77237741 1489.78797245 1838.64997365 1461.76781556 1782.48735645 1554.65272173 1075.75412726 1186.15752147 1189.14139592 1380.67661435 1457.59915258 1686.7547789 1629.50325369 1911.36518387 1306.10079023 1718.78312672 1964.13671631 1955.8881091 1117.25346421 1490.30069982
1478.73746955 1905.89277243 1010.55241954 1427.50938415 1940.2885309 1634.55050077 1754.57649172 1646.79291142 1983.27255221 1962.17472602 1617.07209034 1688.05912147 1761.24664028 1750.93515853 1246.64014444 1273.8804668 1342.02623735 1794.38535672 1186.34562336 1245.45703167 1962.58941683 1161.25054939 1739.84366582 1372.38370668 1708.4822345 1983.04670283 1136.5700099 1287.35926493 1185.62905568 1646.98648151 1438.08138153 1584.00085034 1182.68305242 1100.04399518 1148.47234559 1353.39923251 1327.42444273 1807.95559421 1586.81943035 1629.13716725 1052.05092532 1455.79382403 1864.61674059 1210.35311219 1754.09643162 1950.49616934 1970.44163135 1366.11553154 1772.53559721 1736.12227517
1937.95296481 1429.28995091 1506.56002968 1455.11338913 1871.63586209 1162.11362113 1571.13952919 1606.82043928 1624.43133667 1222.09250943 1005.76192889 1989.99139588 1655.31963207 1443.45866056 1039.70050273 1045.90546583 1847.19266208 1436.481902 1959.68003925 1041.17608068 1140.74274394 1872.06191493 1455.83868465 1361.09961591 1348.17520136 1056.89722691 1676.53657503 1116.48186174 1656.05895728 1986.65942843 1378.44121717 1368.88362401 1291.24180487 1907.376325 1589.68312929 1323.03155615 1739.07252875 1612.60566668 1301.70645053 1365.31600547 1051.0388267 1245.26616371 1712.4460235 1125.20789551 1633.43276487 1617.02896292 1127.11129254 1678.36123836 1050.02445444 1743.44342221
1160.48069082 1670.59832103 1982.51970449 1635.96547168 1191.12751972 1124.62741065 1399.9142793 1119.50650083 1995.9958118 1435.99328909 1456.27132242 1074.57256978 1028.88186176 1185.45858029 1454.17860406 1708.33143337 1307.21030452 1335.26983749 1781.85741039 1678.06647753 1725.18449847 1732.59928245 1366.33906721 1588.69333816 1824.5194536 1857.31365836 1124.40762797 1320.59936335 1620.45342897 1088.98036443 1639.36244744 1579.64980303 1822.32195049 1122.88780703 1879.88945026 1577.80000519 1455.35152611 1459.75438137 1330.48417977 1423.47847187 1770.03985258 1298.94580876 1665.22324036 1469.59142994 1981.20863974 1599.44848824 1409.06802988 1358.82831701 1582.00874222 1246.81569164
1184.0361158 1760.60714706 1318.75985016 1784.62422787 1111.48417314 1074.49349175 1182.21287248 1888.78209893 1886.58909092 1209.22440942 1203.69250929 1351.3696825 1065.392981 1840.77519269 1629.92017246 1746.71486196 1599.03107577 1709.82296747 1150.17492255 1095.7440483 1702.49403434 1024.47633553 1152.66310969 1250.44704596 1518.14842146 1421.6070751 1119.59354395 1500.08325698 1663.09752921 1803.24132493 1416.88773905 1375.50900285 1260.78588214 1783.76029258 1647.16178878 1411.32868333 1764.1832913 1529.22618143 1945.29173781 1201.40703988 1133.01352445 1932.96231902 1019.34424483 1212.36671519 1020.82223619 1949.56723992 1582.57478602 1318.63164168 1005.4793501 1271.37459968
1879.62108996 1538.7976734 1151.81526151 1152.11427311 1369.24619427 1736.9000815 1740.51950819 1269.95176014 1427.18223244 1425.95581648 1625.11223045 1656.37856776 1216.23484903 1098.06474502 1975.48244874 1729.22674191 1513.37425155 1016.4641665 1301.82739582 1690.02182079 1122.18505921 1943.04498723 1807.14999802 1303.16255302 1518.56578666 1363.09964799 1773.05952726 1851.90642055 1269.89204321 1264.06562251 1453.31766577 1080.77660404 1479.31504563 1306.16541554 1814.3588941 1842.85190389 1495.28928968 1618.48739398 1623.17918177 1312.78102225 1824.9954078 1317.40043777 1033.80182089 1473.49927894 1081.58932907 1887.99284262 1823.57407988 1438.1989407 1257.93311551 1626.66190094
1778.52164226 1406.94807083 1532.94389468 1458.0292568 1491.4912491 1489.98619841 1765.17726871 1846.39254688 1267.1483354 1473.7972872 1574.19235166 1411.01333252 1410.66693753 1608.25363456 1908.72346264 1642.07186997 1306.21680631 1865.84881833 1079.63544277 1161.55690014 1466.42509171 1622.71402494 1747.90160636 1031.56233528 1817.69417973 1952.58276425 1778.42301561 1233.02881906 1434.23687223 1096.45039244 1288.29047488 1370.81199984 1085.18639845 1373.07440752 1848.71964959 1616.25938547 1368.29004021 1164.40315915 1199.56748004 1530.10964436 1321.129079 1100.13743196 1115.84733776 1484.58477137 1877.14617787 1556.92965852 1064.51294541 1677.75175337 1626.43443473 1657.95517945
1539.14396489 1341.9763613 1230.50035047 1797.98826891 1450.56724542 1504.43890764 1919.14970707 1803.78443779 1221.29132054 1355.15720449 1450.7164235 1552.4421615 1049.56103033 1579.40636303 1945.93165118 1419.39842901 1046.86069841 1962.28222837 1489.82373556 1032.85193281 1260.18001244 1728.2412157 1361.3835684 1872.50554452 1594.37186541 1007.59928421 1965.8666019 1891.45450682 1771.2661045 1108.8358847 1117.44966274 1537.03389502 1060.77510107 1122.26205899 1536.30084442 1584.97368344 1058.88349503 1390.89241097 1871.16188102 1460.88514064 1377.79952628 1662.85945128 1001.6250058 1664.18567917 1243.39274468 1074.64581521 1036.76873538 1233.34872793 1895.01412632 1497.36940813
1798.11305533 1407.00365308 1260.7258993 1474.3098109 1426.62293568 1143.37018962 1243.19850708 1348.5087993 1574.74147035 1776.34378644 1481.60709198 1992.7612905 1977.85867705 1302.76396065 1376.98332053 1290.45452115 1546.27299456 1826.40178194 1368.42770416 1641.422533 1800.16914325 1357.41974009 1333.41576043 1656.1008662 1534.95771669 1721.54838248 1769.35077065 1421.27727787 1259.88655496 1680.14957223 1531.25273325 1090.88215604 1942.46154872 1957.42340551 1970.15421018 1974.63493943 1626.6967134 1852.93288618 1792.83923577 1709.01171807 1526.00731047 1331.45447272 1654.81957505 1905.92437395 1037.69529594 1544.22790612 1355.84715443 1878.46927331 1717.00804506 1759.89318859
1688.92546166 1581.59928366 1479.98542805 1623.61830757 1745.32706534 1535.87814153 1725.65524351 1299.46287379 1675.29571681 1859.76058353 1862.92791316 1678.62647861 1745.59549735 1016.42162588 1436.1849087 1314.05257786 1215.55110761 1717.10102836 1884.03738266 1856.60445963 1539.33681813 1165.86288389 1149.73710265 1888.03879994 1033.59146294 1267.7010441 1610.97716324 1766.99974291 1230.88615415 1921.50995491 1350.20358713 1230.212152 1716.76956708 1919.68746395 1168.72517968 1044.08192914 1520.38192386 1529.46656467 1926.34818864 1279.80873792 1746.4946193 1121.8324192 1672.16179589 1445.34493408 1289.9283217 1561.6032932 1911.88788695 1136.49039558 1334.96307032 1411.0638035
1514.20760332 1094.77283891 1726.45841163 1043.7333498 1408.43863283 1487.10242763 1993.85797762 1332.45933307 1334.66202172 1443.57709113 1232.30123021 1838.58925241 1128.03618985 1913.82215082 1400.14463339 1775.01302123 1895.26302311 1764.15936619 1467.11528293 1658.78191903 1233.38279731 1659.63768843 1586.00122963 1096.6899659 1079.70843726 1647.05952669 1467.00924963 1443.23969986 1841.44415429 1768.43341765 1710.8524582 1475.56542949 1749.21836693 1440.43806127 1047.51958755 1128.10304671 1997.18238821 1682.22973327 1673.1701898 1966.2565956 1820.73886609 1564.26036611 1308.75313182 1867.8840907 1339.8777639 1190.11155868 1004.29644283 1322.21339068 1079.94921066 1778.37640737
1338.51266315 1135.74409041 1452.62276497 1774.11839062 1597.07550619 1478.44261753 1947.08106328 1811.3570641 1906.80109365 1947.94903438 1619.53436676 1622.99973853 1451.38049129 1634.07295329 1131.52680121 1013.85699185 1872.00376972 1439.30769572 1317.80464064 1639.63348389 1085.54316227 1221.7429078 1622.33596354 1239.4734281 1654.94371555 1963.4998248 1487.04212891 1032.31217791 1636.34543682 1396.86099514 1214.64122787 1677.18128813 1537.55643955 1303.03222844 1170.25030813 1497.21135856 1098.16464088 1777.33089333 1713.22724831 1361.70372466 1385.11459324 1325.48053373 1409.99217244 1820.74940465 1736.75584587 1483.5328074 1883.85561331 1670.70994696 1729.40557508 1925.4080915
1804.29550019 1611.60574477 1920.52715805 1870.07660866 1683.4307619 1840.17852564 1846.27098643 1544.77916132 1903.50274499 1840.63299535 1101.13072409 1015.12727607 1050.72985347 1985.67316966 1275.35528508 1034.2778061 1437.79879507 1876.17577928 1582.20548768 1919.80127043 1384.99172368 1321.48785307 1918.42512829 1255.75042607 1247.96815091 1291.41641898 1475.91554671 1885.75275184 1597.53195764 1343.76309413 1529.86600184 1813.54468335 1555.09570212 1927.44791574 1931.83299671 1320.81489091 1200.23122995 1105.78313197 1508.95875932 1196.27755313 1850.73547018 1942.6505462 1024.29183888 1247.52311695 1172.17414051 1925.81044137 1981.17819855 1498.75057311 1731.14289953 1820.37826052
1105.6296135 1892.11015306 1630.74153021 1586.62753347 1599.80458611 1140.62970001 1512.00185671 1540.0206198 1818.70924194 1794.55809906 1405.02368483 1937.50519493 1369.12619436 1096.10174272 1116.35270735 1472.27440112 1125.53100902 1931.19888021 1504.74177048 1338.54365165 1244.48811753 1277.70192228 1036.79413894 1434.81602567 1692.78635483 1087.97357394 1474.67749029 1573.02475731 1359.42806064 1411.25265972 1598.08341332 1614.49606106 1972.35378331 1455.09425763 1812.49014068 1415.20987698 1185.44785025 1049.69912177 1877.04629974 1949.6111834 1330.95672903 1146.49516091 1883.19023671 1147.00322385 1002.43383851 1088.15925678 1558.9745302 1046.57119881 1971.3673205 1737.58675628
1324.83043541 1693.65243663 1400.64997054 1543.17576914 1941.06254735 1313.54236284 1160.01808219 1700.50801135 1656.63454342 1609.39724338 1619.03046888 1968.02508936 1466.58146741 1624.94073785 1641.26549002 1626.30843377 1494.54744578 1829.84566129 1566.4026522 1990.01742424 1630.65945332 1954.56817387 1087.842133 1054.9678056 1076.97800664 1248.98131139 1094.05833225 1119.49407798 1426.91036416 1634.81144018 1305.93859729 1905.55832313 1549.97379387 1911.66519016 1781.22819657 1025.60228932 1089.81807115 1004.43470116 1067.62766583 1217.59277834 1587.04745988 1088.60693223 1077.68212321 1967.963836 1270.54657318 1201.50208665 1847.58800553 1150.82287521 1898.29730146 1512.28482621
1843.34101717 1232.61483023 1848.25728198 1767.3843344 1181.30670358 1229.2703196 1161.13345885 1640.76787624 1230.78191246 1651.4351512 1657.31050845 1237.86703423 1699.83822304 1685.2039524 1101.43812742 1109.56130451 1548.66305215 1138.41829959 1487.08090876 1326.49140842 1061.55264724 1326.75695508 1765.38484737 1107.60751427 1063.03025417 1602.21003951 1057.39957646 1947.53747935 1083.66511192 1240.83345129 1307.14600631 1377.94095485 1643.08937707 1005.39710519 1718.32242529 1324.79303941 1179.98064016 1973.6812598 1210.34019711 1560.77482983 1684.4990154 1672.85190211 1281.02503147 1862.18130541 1935.84159305 1476.33270677 1255.96321278 1166.9111727 1598.74548883 1994.45140098
1121.43198179 1552.4350614 1184.1976456 1217.7668734 1038.7678536 1079.33747937 1100.85470585 1904.2733767 1634.38809478 1483.6598029 1097.73086164 1351.7803436 1354.67874504 1720.93938872 1366.34278548 1610.51680027 1106.35280733 1279.35411899 1754.57404862 1559.23681776 1580.60257859 1273.38022149 1082.91781537 1291.70769721 1641.09595465 1220.27946386 1830.31288063 1865.27492494 1444.04782107 1976.64066423 1618.97682801 1374.91292972 1486.41485073 1215.94996667 1344.9057148 1808.95345326 1477.76142778 1354.64531576 1838.78028228 1064.12212898 1451.54488209 1081.40306203 1615.77509309 1400.94373851 1644.64377759 1404.96323781 1127.21785877 1104.40479917 1093.34041604 1395.94535377
1043.27487524 1057.10066028 1269.58153169 1545.82177168 1899.87884005 1541.01813615 1082.23377383 1327.35442134 1334.92315026 1012.85155556 1917.8700462 1287.10174902 1802.08334742 1575.65500871 1558.49923392 1442.56837597 1634.0452528 1466.73240154 1935.21410587 1981.88283254 1847.26741503 1150.90459624 1513.06289651 1914.41431212 1747.43690836 1653.80168965 1159.63826911 1669.90510589 1192.37342642 1108.34641366 1534.06177002 1251.49176492 1427.34650611 1390.06723591 1030.58523043 1501.85432497 1607.93248788 1961.84187206 1269.47981017 1610.58480663 1557.23128051 1295.84172714 1012.68130321 1781.52966034 1171.39566934 1710.31499299 1726.8017018 1762.03574872 1762.55626336 1043.98616281
1840.84235467 1255.45509444 1342.5253413 1623.00857046 1758.97795991 1064.91884968 1522.36192718 1399.77880974 1458.62475138 1659.79652961 1645.84207599 1648.8095786 1691.97570609 1506.3312575 1111.22110772 1875.08931763 1610.45093376 1740.05490409 1682.79901085 1074.95669137 1397.66987673 1009.71503058 1052.56633196 1327.08571512 1016.35663483 1324.41359111 1010.81772177 1409.38384004 1067.42422772 1206.86326162 1997.35099445 1123.28623008 1064.96262458 1165.36291737 1407.41266247 1750.91540265 1656.63463743 1828.21755339 1145.63274783 1835.09105975 1973.19248326 1958.19104004 1515.62831657 1513.30615395 1198.13117319 1591.22526708 1740.06454247 1916.01760799 1901.21862086 1911.90729434
1063.49279348 1285.86327785 1458.72078473 1809.51326158 1375.14785208 1140.08515226 1225.62891828 1524.97981152 1414.07765232 1102.33701139 1407.40957266 1416.88422575 1256.38255251 1757.20928928 1904.11470365 1183.77245237 1654.8692782 1770.82790493 1048.99360259 1464.59865891 1570.46031198 1191.65960631 1213.33366786 1988.34587135 1881.40432586 1490.8258112 1370.03694964 1240.85436319 1939.71175719 1583.45451579 1988.40201184 1126.34508204 1256.16936764 1627.87656009 1035.67942943 1798.19141495 1317.91252829 1267.23689728 1620.78053311 1730.62108152 1055.56857545 1860.107307 1289.35710953 1295.32783842 1157.93178824 1965.91727178 1884.10604073 1296.47554577 1882.00982411 1462.24594487
1743.21240944 1055.65098648 1676.66922341 1999.99121057 1177.79050714 1800.89806968 1144.47810502 1604.29629874 1585.56380177 1465.27106881 1704.18018052 1248.34440114 1595.62941929 1661.9975466 1079.92234516 1281.65704284 1599.85279327 1049.42064295 1538.92075426 1979.15281067 1434.64565442 1143.16340015 1694.69440078 1573.10046098 1149.56402095 1043.46562142 1965.04520087 1374.1793927 1342.36701054 1146.03834051 1176.92273724 1381.37358279 1466.98524857 1762.22765473 1364.80924323 1814.46847339 1900.49903638 1892.23071106 1519.76540644 1523.70423232 1641.42363023 1826.55182678 1999.99715191 1325.12806064 1539.23445271 1067.06792398 1663.18874388 1229.2889919 1536.74208721 1925.29199515
1677.43932791 1073.45162133 1869.84883096 1981.30624115 1817.59614235 1147.26621298 1985.340616 1412.25364343 1027.97383933 1851.52539505 1633.68098958 1914.0403672 1305.40667087 1122.04166621 1198.25082435 1427.64969709 1509.63881377 1372.64400156 1071.31996782 1274.33102441 1043.0262742 1791.1504622 1556.79438248 1413.18239124 1386.52193328 1506.43632982 1841.93913743 1897.20634616 1692.60757093 1292.07790602 1217.11791856 1518.54372445 1560.83409998 1348.14105139 1546.80109183 1134.3761795 1464.53483496 1472.36388581 1864.7502518 1066.31783591 1983.76415654 1174.92348758 1113.87717741 1949.1724822 1499.35351334 1271.35204809 1125.00694482 1706.79041668 1430.56413269 1960.14290295
1648.10507371 1723.70556585 1025.99420638 1266.21435529 1983.39478031 1151.72770116 1553.59307596 1266.23159662 1820.34598795 1303.37936174 1023.65429947 1762.29932411 1424.5266583 1112.03057119 1062.79748745 1927.43076967 1533.10321179 1344.55405801 1790.29135002 1964.01877366 1814.70025251 1724.08297099 1056.72331763 1878.21643529 1234.45162252 1066.478539 1773.1830923 1680.0920231 1922.31527092 1624.81573422 1526.12355715 1800.89064355 1070.13655961 1199.23714225 1822.26191259 1773.95563677 1268.70323164 1281.53217467 1644.4567922 1617.16157281 1546.0242466 1711.72698151 1868.48393163 1444.41814001 1237.59108206 1075.11510684 1317.47861522 1093.95072941 1711.72924874 1778.5133189
