Algies/Shelton_A3/testFile2.grd
ncols 447
nrows 447
xllcorner 0.0
yllcorner 0.0
cellsize 10.0
[rows 184 to 206 of 447, columns 200 to 249 of 447]
1952.63950392 1456.95902472 1914.86861054 1812.16003669 1482.68170149 1160.06172596 1100.94711645 1367.79194355 1077.03997814 1890.19296192 1311.59118458 1561.19381233 1309.80259078 1386.83332701 1797.17342533 1117.90846835 1726.25530414 1498.98965716 1804.19747608 1835.61111891 1990.65032379 1952.79649548 1526.6151625 1347.51772666 1025.57678922 1080.76711657 1745.94042124 1554.04653672 1255.06210388 1504.30728674 1542.01331753 1879.16659664 1323.4691113 1367.3381315 1128.32817535 1168.96884807 1099.47759546 1937.38220371 1879.76701343 1442.60454393 1981.59697111 1291.02829869 1858.89833727 1969.6546362 1990.00843307 1594.58313429 1602.55465494 1730.80159057 1737.40590189 1587.217163
1594.04600897 1971.19322334 1710.39466295 1448.40897892 1420.39097519 1874.28648084 1833.17084732 1976.84654228 1875.96284776 1380.85775201 1354.56678764 1799.90108835 1121.87923967 1661.22674098 1792.53139964 1329.46685991 1588.28564066 1857.06957767 1378.5004519 1365.90385023 1427.02387364 1194.02500688 1272.33024619 1543.38784492 1640.78434737 1375.19458396 1188.78171703 1509.54175964 1931.89281806 1803.80850737 1389.9136329 1495.33944822 1518.99870902 1826.16952487 1697.67266486 1746.54133867 1806.11243608 1491.21568587 1291.75817731 1518.06766608 1114.75845578 1668.25236264 1327.50847712 1033.72071876 1186.44365155 1361.50848374 1703.84226215 1380.02831475 1759.99795362 1884.59474735
1615.06867638 1031.99974776 1511.08779825 1179.63608333 1768.65280925 1292.48158204 1691.16246069 1809.79741818 1493.25517358 1656.81675441 1578.52119135 1044.51560051 1798.81159521 1119.38863438 1499.29114602 1399.64812872 1226.0152723 1434.42620722 1702.115825 1171.4601053 1989.51389615 1460.21360979 1972.13878469 1844.87329066 1943.78732375 1423.25087909 1971.1864695 1732.84312322 1652.86974373 1721.59726378 1435.8192651 1494.12754944 1206.42944427 1440.78927894 1773.45305354 1678.45874264 1292.83360589 1890.31664756 1016.9121944 1648.90975627 1700.7502834 1555.69037531 1634.26168737 1585.49258946 1631.42554993 1507.08176332 1725.81759617 1743.77930518 1214.76890256 1827.87186716
1724.22921591 1854.85750425 1463.72426944 1286.51990498 1241.78375328 1449.53625074 1277.92568805 1676.7987723 1881.01105046 1678.96348335 1342.81919253 1881.81290075 1566.41259177 1765.31644652 1945.73232793 1364.33905143 1485.726868 1249.54238333 1574.60436887 1951.31422867 1213.42198961 1464.6875847 1266.16023941 1513.34680687 1107.19011083 1134.24397855 1694.5393729 1834.87666579 1188.75077127 1353.6688051 1599.33007673 1761.88066953 1296.62795768 1218.36729498 1010.15246176 1478.10741066 1884.3330703 1905.32954296 1691.35710636 1743.20364366 1368.78767216 1100.35822584 1905.30099711 1742.61813792 1006.73175374 1621.93739191 1146.55327782 1379.59838179 1886.58499369 1919.26982786
1401.10488294 1330.99099839 1162.18933859 1234.13813226 1014.08865646 1234.71431583 1210.46607466 1063.42982394 1140.98662996 1187.18221583 1997.59183552 1964.17786486 1821.92334884 1037.93327278 1760.94982245 1460.95612893 1121.89249024 1472.40530978 1585.4155629 1378.55541169 1140.29114368 1170.65193989 1767.57985357 1709.858969 1801.84702059 1406.5423367 1245.5258316 1188.3428955 1194.36009774 1636.22464074 1784.20041812 1920.12420428 1423.72537328 1922.65144342 1452.68399675 1266.00998756 1355.54449961 1526.79159348 1183.56376818 1673.61066244 1156.2683137 1724.18586316 1695.57592463 1262.1875852 1315.81119498 1923.88022434 1256.5812333 1504.34574893 1081.51794554 1654.33219088
1080.10349675 1323.4588945 1645.72226823 1146.65134945 1391.87912242 1867.10926568 1159.24476072 1108.87916334 1122.39712266 1078.51082552 1813.85805586 1311.40437675 1277.96836237 1275.6647549 1580.47040804 1893.83868164 1563.53594169 1820.00605413 1874.7642068 1871.67184434 1597.17290779 1033.69627837 1102.21168831 1673.14089285 1351.72876547 1755.78171668 1920.44646629 1853.02876338 1419.43389244 1775.9360809 1593.84375465 1440.91869881 1203.68360603 1521.14289008 1522.47801564 1170.02179196 1043.20490535 1609.44666975 1600.83693161 1793.62809579 1091.77434988 1421.78284186 1796.71151381 1026.72120779 1752.04082785 1083.54348647 1178.38294959 1575.63773871 1162.57077718 1442.60229577
1721.03972991 1902.97987302 1843.02149667 1058.30454552 1262.78303571 1242.13226144 1578.8684254 1434.13271591 1261.94444767 1501.00821531 1369.49018381 1964.17318666 1137.34957396 1429.89215419 1858.97132351 1336.76199895 1985.87684602 1174.58209834 1543.48937606 1827.32345828 1617.59039797 1913.69577472 1765.50406634 1860.17935561 1329.78646197 1799.00463629 1805.28124788 1814.42053944 1642.219449 1197.37094109 1136.88748683 1259.8217888 1235.5109421 1316.57578557 1554.31455293 1148.89498566 1744.98915454 1530.53601315 1805.76585552 1262.42726155 1074.6026186 1343.24187053 1031.70131786 1765.94692631 1443.42768323 1612.0611334 1387.22315756 1564.28571833 1384.97434716 1962.8479217
1257.05993894 1927.94866776 1637.44667252 1887.4800352 1195.20976651 1628.06842048 1572.74825141 1823.0361084 1515.17587143 1544.03316998 1718.79386446 1794.67355884 1543.6382166 1431.72505825 1926.64249509 1587.98416528 1730.79596049 1992.53075924 1695.29514529 1814.25574871 1246.03178515 1318.90965635 1225.85989666 1016.06482385 1169.01304572 1341.44020358 1566.65381176 1655.15635165 1572.29002983 1208.68232101 1565.85307353 1249.96850435 1044.86539996 1391.35314069 1512.09494038 1092.371263 1423.23357583 1254.60958467 1147.4444878 1218.5251889 1243.62851436 1816.64447705 1078.24360491 1931.47897582 1118.67669784 1231.73110199 1396.78688087 1806.90903954 1274.94876315 1870.77424771
1070.44112267 1384.54957083 1250.04793105 1939.05316851 1924.17969684 1173.50104338 1517.7750491 1274.98034025 1404.99992921 1624.21687052 1667.40485337 1297.64318028 1713.43790308 1801.41656647 1191.77370657 1702.48242367 1588.3049187 1175.48820877 1509.53851552 1024.99959307 1241.72271599 1935.41520745 1061.99257171 1703.170238 1368.24604644 1219.39653004 1050.2708853 1591.07200172 1935.9509174 1057.81803031 1395.23466787 1548.92813154 1795.37324337 1193.87627106 1822.1676302 1624.05240229 1031.07563923 1068.76206917 1109.22463558 1387.44008062 1926.39088745 1877.00816665 1646.84232661 1291.41227348 1625.02231961 1249.59819298 1263.69339461 1419.3294635 1085.27726157 1371.24761134
1737.10901143 1532.42251838 1950.33676166 1200.92417769 1191.29126642 1915.83099389 1600.49957632 1664.17533137 1307.33811543 1063.94947795 1456.03598171 1249.54576843 1648.66976356 1396.24918647 1472.94507557 1989.68477176 1162.17649593 1170.60914236 1182.49833394 1811.47220023 1859.02076784 1915.66507814 1155.50075419 1874.21697043 1676.12812772 1701.40291948 1969.41664198 1401.96846767 1974.19551539 1878.30486781 1989.19571682 1907.70718417 1548.71776151 1626.7395422 1149.7046794 1253.95680079 1980.17772428 1728.11180974 1718.60228581 1992.23535847 1346.19071303 1474.07402344 1976.14619738 1821.37818048 1230.25849559 1184.03045885 1063.16568525 1357.91725475 1554.6457557 1400.40349695
1181.30801233 1355.98454558 1051.2838424 1039.57175069 1395.94175164 1738.69451185 1942.98143774 1981.1888244 1904.3414234 1385.81903977 1175.42045988 1302.2220001 1994.31786376 1285.56676638 1118.34610223 1696.14363164 1793.31423166 1912.79158084 1407.28211999 1883.08743801 1596.79145111 1929.28820091 1323.91432289 1218.90466127 1701.70827057 1257.24871721 1026.17423864 1726.89456369 1417.79510333 1556.20238641 1027.8451312 1035.08690121 1351.14595567 1228.08746932 1145.22258782 1412.50493224 1278.58139074 1504.49325604 1446.00173995 1314.8258131 1490.27396652 1954.62537855 1578.68879677 1088.61239931 1684.85450164 1851.61502175 1018.2313026 1300.75884996 1624.51284016 1579.2616979
1822.32899087 1769.02030373 1268.92025785 1245.35670073 1006.90717205 1739.1096061 1077.530468 1596.4857275 1551.22369945 1271.61632699 1951.46800493 1468.3193047 1200.63765614 1158.33343947 1279.72410214 1024.46911842 1959.52251342 1299.15235234 1900.68650957 1473.95290545 1375.73707068 1405.77662279 1025.42356746 1219.64027224 1119.86412702 1425.84065571 1910.74367988 1640.07545683 1221.91824402 1528.81848511 1186.69808233 1186.79961615 1849.46814063 1091.76011963 1420.91841241 1734.44750621 1712.42970561 1356.31606258 1990.38747796 1757.87687356 1933.92239327 1730.31856428 1564.46112046 1590.94538987 1444.18431784 1792.8109725 1836.81546742 1841.00068136 1903.47516447 1901.30377396
1031.88613329 1778.13926629 1956.93664422 1863.23053653 1278.07517401 1503.26973537 1183.44600385 1491.22273033 1348.94402818 1028.71606073 1102.90844509 1306.76357982 1511.8720258 1922.77459502 1563.94539969 1131.44092417 1391.49981067 1895.94167522 1961.6259128 1306.65624272 1682.62571891 1305.0009221 1271.01363156 1964.46027903 1379.76824353 1608.59377718 1795.88307901 1609.56526277 1123.22524706 1335.50741259 1203.40004552 1399.78792045 1612.37272566 1924.59485619 1361.79144803 1805.56033298 1972.05103769 1864.83909736 1060.79038302 1324.01789818 1726.37480459 1961.92387326 1606.75305834 1415.21868572 1338.89455678 1149.31211832 1211.06498838 1786.88373813 1281.2932477 1411.52401015
1973.48461503 1986.36780892 1900.7797981 1491.81640141 1616.74711585 1915.44168676 1858.54179166 1162.314876 1141.71407041 1217.76857093 1536.72912263 1553.16649085 1242.32989125 1954.9071563 1160.01846302 1628.49032315 1058.32566347 1721.93525397 1017.48551523 1913.42153833 1929.50718852 1761.80425882 1758.98305835 1849.31589287 1757.89173446 1041.91534952 1972.58826818 1376.79568783 1121.56175376 1325.20430517 1931.154133 1703.84681979 1826.5476526 1094.76292004 1084.67165862 1421.11767412 1276.09798026 1653.04156497 1283.37097968 1141.41381372 1788.3529937 1584.4694592 1544.41293817 1792.72381757 1177.20879518 1999.65585779 1264.39463896 1836.99521506 1309.46809253 1581.88949707
1211.58528697 1086.35471939 1951.37061717 1916.96099337 1579.90526863 1459.78728427 1598.67615375 1895.66767788 1661.20583866 1096.34581486 1656.93909485 1129.98603508 1994.95246637 1241.84339283 1249.96970956 1708.8099206 1108.50640002 1592.58700026 1122.4763629 1026.80740691 1894.13983183 1556.11978114 1115.64914684 1710.10873151 1419.77939377 1106.93190464 1444.28985028 1360.94445728 1936.68533232 1130.29613712 1620.24758853 1109.65908766 1578.49989567 1120.59433516 1557.44354288 1542.63907838 1538.82918803 1707.27924194 1741.32173276 1165.41895275 1403.70401891 1768.76974793 1403.90405315 1708.34816644 1657.49703033 1384.40734075 1036.05600209 1164.73267115 1899.09131754 1387.72922137
1832.222317 1923.16425719 1735.84456942 1673.23325705 1965.86493187 1084.26612128 1970.53575591 1307.41214286 1976.88521122 1420.57012226 1456.5889361 1812.63708121 1824.00386742 1234.89335409 1806.74366934 1683.68117795 1894.88736469 1642.86731415 1554.88179264 1935.00694139 1987.50835556 1799.33455841 1271.68941913 1685.4148377 1863.93512882 1171.11035316 1790.0305217 1528.47806354 1834.93354302 1607.9108013 1203.6737468 1235.23680959 1757.47676575 1908.98385204 1354.11447962 1317.70781544 1511.76944929 1046.08295105 1500.97021324 1035.21205627 1423.1021294 1446.58732937 1171.79546201 1328.00728863 1225.24177494 1440.05621594 1069.05740624 1263.44095106 1224.50990191 1464.54195318
1488.76397466 1042.2154037 1186.97339205 1550.02236466 1055.26480167 1173.19481757 1752.7053499 1230.9994412 1693.42133316 1370.41141339 1070.29898439 1084.21710043 1495.83494571 1872.28835882 1935.37795647 1291.96068492 1660.48355299 1287.74021044 1547.19169542 1545.44571234 1018.74973926 1367.91640092 1544.26876265 1954.40798091 1366.9945429 1487.4078078 1829.17918853 1866.91350337 1090.15802631 1589.57450921 1673.66756808 1794.76137533 1535.24923657 1811.94124253 1058.30371703 1581.3782598 1757.11375849 1726.71230455 1615.98003599 1964.88299164 1839.31271772 1011.38439223 1417.31572153 1991.62150397 1729.58518524 1261.85573188 1065.90989743 1485.65157283 1920.42330011 1164.75451678
1345.31865642 1033.95900955 1562.0577782 1563.10344398 1770.85677796 1902.20771602 1193.6434106 1046.03866329 1649.96818798 1780.75704786 1373.17703157 1674.6524997 1584.69569774 1380.51469801 1546.00589964 1360.65338707 1108.56291657 1029.81942881 1096.48045181 1300.433213 1444.01500251 1276.76947392 1999.38035262 1074.21342248 1287.40541834 1448.73423294 1136.60228563 1293.08122704 1128.1782216 1367.88540725 1061.23754421 1968.86365935 1619.37504589 1891.30577227 1893.58104643 1546.11328123 1649.86371812 1282.30889331 1477.47627814 1966.08141043 1823.72102366 1274.90837475 1972.37569854 1485.72353392 1495.8012064 1041.94551425 1365.54950144 1986.72304418 1504.07513859 1267.43394918
1747.72452012 1457.21759562 1969.19926219 1394.41010046 1720.3769564 1595.12960076 1696.72877103 1444.36156528 1334.23150344 1827.47764179 1981.64538974 1336.04204424 1779.43634062 1058.70952111 1204.19899343 1580.56480117 1551.56488438 1259.27836415 1072.81699227 1036.40761658 1105.93089966 1223.30462617 1085.15918238 1871.73426899 1010.88146278 1217.43326756 1063.32556339 1055.68588614 1481.73674332 1323.77700763 1363.85964155 1939.76899435 1980.57048006 1160.16951572 1063.99949353 1906.14720323 1394.5073232 1064.74727834 1737.43974686 1614.53911737 1045.35055662 1159.73532321 1749.28963115 1064.46434461 1845.91737963 1842.87433926 1643.06982763 1879.87648386 1847.47418393 1940.57767171
1705.23251776 1235.79786562 1933.63148116 1577.27993219 1666.3759533 1031.16149898 1138.624397 1730.32226841 1033.31209549 1175.00898158 1466.44073089 1885.94575748 1238.48270025 1582.26638497 1873.97013907 1225.6427517 1076.13654268 1833.11507112 1049.85267154 1896.5890682 1420.11053418 1668.41021927 1828.22298385 1929.16515989 1501.0385877 1199.40498529 1889.27983243 1893.81182182 1873.92422517 1474.25673992 1107.97655994 1199.6145643 1733.11756646 1743.65824839 1910.27310888 1756.85023808 1628.19389936 1801.73796875 1926.76603782 1719.45487935 1624.98349939 1451.26723917 1318.34264216 1981.36441623 1605.67802364 1451.64433849 1369.92928058 1022.12350156 1741.30403293 1296.36673698
1111.93873983 1559.25354522 1617.20077282 1098.09458155 1073.60427382 1255.39073557 1662.53726038 1511.47891693 1501.40737722 1920.6749943 1710.51759328 1629.10161478 1189.22388194 1954.00185503 1602.69853466 1646.56930145 1974.88890878 1699.29853851 1803.33228796 1457.61858508 1976.11492894 1970.02353458 1032.82633961 1862.6567605 1045.10616377 1994.34749818 1660.03413996 1658.68584414 1427.34025769 1928.31317544 1345.40482151 1463.58757863 1093.22133108 1579.59724433 1171.00957359 1937.53458301 1981.76744116 1164.04738611 1878.1538015 1302.74510181 1981.05512142 1059.26534398 1151.25919838 1243.99093621 1762.80256572 1128.42911519 1109.15420501 1596.65701502 1118.03204992 1575.96429649
1595.52165169 1567.16004131 1831.89204252 1588.97921334 1496.67925744 1191.96376779 1019.98792157 1904.97232687 1192.07293816 1062.24721489 1473.84124447 1036.37427089 1530.29125631 1593.35297495 1057.35699466 1183.20347942 1761.00775405 1144.05166713 1146.23174082 1007.45288296 1334.28723748 1405.52588237 1656.43232976 1190.75349584 1693.04465309 1024.21755117 1477.62391419 1597.89321199 1494.89769773 1809.94463202 1595.0325059 1167.68038973 1239.62754449 1189.53306992 1152.5090447 1842.89546046 1037.48339086 1512.26148213 1865.71906851 1376.75567465 1404.6652317 1298.37178087 1752.7177504 1219.56826294 1997.79604052 1824.46238107 1504.26670588 1544.83566873 1008.62899217 1695.06762603
1992.0097163 1439.63694374 1254.73930422 1387.59257591 1859.88805154 1560.70565623 1043.93146387 1991.33210646 1023.62296076 1828.45737797 1958.93358619 1005.6382853 1398.55903842 1698.32135956 1604.62122026 1313.53874708 1592.77329665 1493.94925535 1117.33311786 1939.2606006 1883.42941423 1566.12750532 1161.5129491 1212.65955093 1033.92955957 1309.86855574 1520.46197764 1176.99677684 1463.02590073 1273.94011685 1067.76375723 1160.12697125 1394.73307348 1888.36626503 1046.1860955 1944.41649454 1230.88544124 1441.23282689 1475.37779537 1434.22026965 1351.42237069 1482.0123666 1236.09589586 1323.95313409 1049.42476683 1124.52273392 1670.7798394 1965.48652997 1188.30546906 1209.56440097
