Algies/Shelton_A3/testFile3.grd
ncols 447
nrows 447
xllcorner 0.0
yllcorner 0.0
cellsize 10.0
[rows 115 to 137 of 447, columns 350 to 399 of 447]
1250.76134115 1109.05912412 1668.81777252 1320.06942923 1075.17325295 1306.4674908 1133.15630969 1269.47421314 1014.23145575 1607.2276472 1784.72026224 1624.69171244 1415.42736439 1076.56386649 1577.15789605 1977.83959533 1764.52341489 1266.74369582 1666.18708301 1871.95050882 1882.91186591 1978.51111219 1701.05046541 1687.74872101 1723.08077514 1231.23295798 1703.56661419 1142.04231526 1760.49808847 1442.70308712 1049.24093779 1079.94672834 1979.21806783 1903.87230927 1677.96594844 1618.37638372 1959.99430069 1205.86670617 1877.17070925 1211.54902593 1093.69883035 1797.48022632 1877.30567966 1872.16664718 1526.12210245 1355.04213212 1061.92950079 1724.24625516 1847.28498043 1510.07120727
1624.40305902 1428.11878523 1498.54489256 1117.19428642 1541.30181244 1331.78318757 1732.37212118 1517.78352574 1973.53500364 1724.69392335 1443.04970188 1651.08596952 1263.54308361 1897.5897248 1827.05824554 1927.53583385 1091.14756782 1446.09772283 1619.53817613 1661.98886475 1820.39693965 1286.23915024 1253.11858021 1412.75918041 1565.91579796 1998.07733862 1453.51584282 1352.87914137 1115.77634227 1185.37468144 1067.63674234 1167.69858205 1683.60761107 1045.98172643 1616.76378315 1396.68448224 1892.64365804 1475.17143315 1375.93181568 1436.88371929 1466.56580501 1156.25147322 1690.04520854 1386.22097254 1009.79434933 1781.12524164 1793.61853394 1418.15983885 1664.10828287 1652.25797328
1908.57271442 1550.55860716 1695.03409582 1939.20187249 1349.6321511 1706.16741475 1581.11714538 1343.52817273 1716.23411001 1098.05165687 1853.63632874 1184.18866936 1947.1421465 1245.10775238 1525.62828291 1207.46148598 1817.19697751 1337.7060021 1698.70203552 1964.33698593 1334.69889289 1591.45507786 1462.87508997 1676.63554197 1436.53155697 1404.77124743 1940.64338926 1757.32979275 1506.2025347 1598.63391108 1710.33117929 1455.46954238 1050.51852098 1599.84478712 1633.21352814 1977.23249778 1551.55653206 1729.93893774 1212.65994016 1468.33520647 1353.47399767 1922.78740932 1959.54720597 1957.10287927 1694.21790694 1901.58752183 1731.05279994 1006.28937668 1551.54175835 1981.88320041
1845.14905233 1783.09193422 1914.01863453 1324.14327984 1018.34149718 1359.2971619 1859.41387059 1787.86426116 1799.46579918 1146.1458553 1454.34793132 1793.32817022 1502.33169678 1008.79412061 1068.20606445 1353.59555355 1415.08447697 1299.380668 1588.01277537 1550.57418325 1419.35352597 1155.47419843 1567.59816182 1361.39709534 1869.86324758 1297.91827082 1625.95850675 1991.49012481 1953.15063827 1892.95535865 1566.39602182 1964.92682612 1678.327713 1795.95957153 1457.53259615 1753.91440022 1336.50975382 1100.58994384 1907.93308258 1858.01696089 1445.62260715 1427.92549731 1448.16185618 1546.52082308 1814.74576637 1819.7471195 1399.91031052 1938.21878308 1749.50906818 1000.73995325
1425.84754299 1136.10912526 1114.46014163 1666.51568702 1588.93541478 1761.65162987 1516.78391319 1982.63320369 1102.83746007 1658.95788122 1888.37680599 1060.12513673 1401.52415473 1497.56916855 1052.8964175 1449.01732511 1056.93655228 1220.63889779 1147.36434013 1788.23208349 1506.59075436 1355.854459 1663.99239511 1488.18110735 1383.91639821 1608.86738782 1865.01079314 1146.56141314 1027.53804851 1660.54207524 1835.09545211 1689.68446659 1664.12831229 1644.98167475 1386.82678686 1261.81955215 1379.1497024 1555.67071737 1522.56446592 1962.80523156 1055.44994364 1442.77075906 1864.33456577 1605.13102822 1861.97582943 1290.88899061 1722.06203927 1931.29153373 1654.19004744 1095.59395362
1747.13505509 1097.96945313 1841.62295487 1338.11801544 1586.95306718 1401.67782124 1304.3551516 1614.87425201 1804.91968939 1694.76121546 1864.62876478 1277.80131516 1523.80183913 1848.62000129 1443.52860817 1707.32696479 1354.11670729 1226.10813079 1821.44280143 1345.03931928 1475.5070604 1141.56757747 1463.66749244 1031.86028509 1037.70564249 1346.19370235 1637.37644915 1033.16488006 1784.22888412 1304.51378242 1973.08912335 1324.45790689 1744.40106036 1505.98273622 1585.54849737 1723.11854254 1856.63550031 1101.31095411 1694.81800479 1382.99701371 1957.20528505 1917.55538576 1467.44130686 1715.58782257 1964.47627427 1210.09410557 1535.60030972 1314.17334925 1323.29347053 1378.76000342
1957.60184624 1817.24051935 1550.25565563 1114.4097048 1390.42319731 1667.04786067 1560.97571808 1637.1858097 1505.08946385 1300.12543481 1405.3859614 1407.86515913 1282.94200926 1216.06370919 1581.06213402 1334.06562631 1095.92662243 1725.78291373 1510.38555775 1098.79200489 1096.88737252 1365.76887228 1328.47227888 1065.36982317 1352.29108396 1871.72639438 1759.34845919 1056.76784877 1249.97183235 1847.2765378 1906.57734699 1403.96445401 1398.73129761 1803.45008121 1608.54482069 1293.94467134 1888.63815211 1481.76723196 1071.92576416 1797.42326285 1096.18618933 1334.62647862 1576.07435264 1898.75712369 1455.79836364 1436.74452474 1688.82362747 1654.93169469 1794.60494842 1986.45395638
1044.97085832 1954.21356792 1019.96410911 1654.03100779 1340.84988113 1538.33919418 1492.61504016 1576.41160336 1350.27191615 1308.64822153 1209.57790846 1148.18570986 1044.00406024 1680.90523287 1034.08214874 1895.64739406 1269.76561667 1129.08253959 1101.13923356 1619.46261523 1277.27565215 1163.65950373 1918.98431399 1284.64757545 1454.96205495 1829.02687338 1853.32967889 1760.39347525 1416.98634664 1064.4032735 1345.85035097 1108.1766955 1644.78097571 1056.14063057 1541.11578005 1982.07807324 1856.01771599 1248.8238952 1693.16197181 1171.7867963 1812.63618971 1863.23458617 1471.31556019 1239.62617358 1466.4080969 1734.44630741 1170.04270202 1883.9992714 1742.82352625 1559.71410726
1959.81569292 1265.1221754 1435.33338421 1292.91347878 1103.64961645 1719.22009307 1520.18976636 1433.08245275 1572.92728416 1461.43316009 1868.22348567 1831.57390379 1925.52705708 1112.94880678 1474.03042798 1154.15829972 1131.5603617 1819.62861551 1987.88120301 1312.51892312 1468.85630894 1214.83606636 1406.25684542 1060.17631641 1862.35405158 1750.89419453 1689.35536043 1260.66443079 1578.23279193 1770.86264331 1770.59451788 1823.77198327 1032.84812598 1147.06121986 1897.16455649 1277.03116529 1934.80218992 1547.385454 1662.66628026 1722.47807887 1136.8311597 1785.69371648 1212.70462045 1941.82291487 1224.39164132 1629.20083213 1046.44437788 1090.20522771 1565.35194223 1114.21666731
1388.68215552 1771.29244213 1924.75048461 1818.59688872 1738.43552126 1965.20059154 1917.43792076 1498.68733957 1470.27928517 1293.40091959 1514.57287163 1762.33031849 1403.97587517 1019.52705871 1099.29275478 1465.9837433 1085.33988426 1154.63255376 1840.96744704 1835.97527769 1548.80825032 1243.8376062 1886.79725444 1572.55126934 1346.26178469 1232.70600664 1295.1700723 1422.35965972 1835.66452291 1707.97955969 1828.91625223 1673.40527064 1109.07629138 1983.30831559 1446.80806554 1628.22650412 1419.41724761 1165.93851495 1317.29219336 1561.26807842 1044.71867039 1758.11164035 1109.08286434 1967.30950579 1491.94699422 1291.35061948 1765.19716007 1338.62691456 1959.59270036 1538.32883966
1637.01936586 1460.59231274 1948.74489839 1548.05463624 1498.33732627 1964.90700477 1068.30140636 1497.10227372 1576.57528802 1829.46434767 1610.41147067 1363.00363573 1084.75399887 1289.31219594 1366.95829709 1349.77062172 1779.79943604 1835.18184183 1718.22840961 1381.77227216 1541.52299156 1846.40868971 1672.9545197 1666.16047356 1897.66849564 1996.84430561 1336.1641421 1448.9976293 1557.16130317 1748.3660515 1272.06497621 1332.5503188 1506.26738651 1115.82359331 1452.63711043 1224.65745234 1647.79231697 1114.13847237 1239.18204714 1582.0773925 1581.64363676 1321.73036282 1414.58295628 1676.98133174 1622.40793304 1228.48770695 1152.4342025 1471.37322229 1456.97961901 1089.44704608
1498.81895722 1703.01605607 1832.35083368 1033.14577927 1807.11838276 1480.65195128 1055.29902302 1135.57909653 1858.0741048 1763.20211721 1374.38525584 1911.67910215 1423.72238081 1259.05628951 1466.35259531 1289.72428956 1953.09796347 1620.10096807 1475.05373272 1111.65343362 1317.25231705 1443.55878097 1297.39079465 1636.61555216 1403.3127226 1331.10378465 1776.4438247 1261.50880787 1384.91510293 1298.33021674 1539.18287288 1219.20591787 1593.86368848 1241.18700655 1204.50512476 1569.56104429 1425.59908901 1221.35604782 1972.95065337 1951.24554532 1502.5009125 1475.72682861 1909.35728968 1751.02868595 1466.76304374 1245.81295549 1306.54944905 1459.66177145 1011.36881459 1271.78536871
1923.18066025 1924.3288207 1840.61377549 1777.9902552 1547.77297656 1205.8143217 1159.21383807 1747.68954105 1196.30878764 1590.35179815 1127.42921148 1970.64543983 1991.89752535 1446.35549366 1852.72402837 1544.21718537 1744.98670576 1337.48820632 1289.79974717 1796.36763187 1747.10156128 1289.6773292 1873.65156513 1077.19168759 1600.56234452 1718.34769321 1023.32497881 1511.71270303 1874.49246245 1588.94524418 1734.29734584 1632.0715377 1317.06160309 1727.43798048 1058.37739018 1238.97098009 1519.08276955 1744.16268192 1983.98728686 1036.48045071 1223.33860373 1059.21349026 1112.9890828 1758.3100925 1438.92475902 1092.48874548 1931.73057724 1349.57366043 1856.0548004 1551.48216008
1045.46712277 1187.03491453 1267.39266143 1683.49981991 1921.52467689 1878.39303621 1887.64142133 1897.78817783 1945.97568546 1165.60085856 1376.00286453 1513.21092959 1325.86864042 1176.12546899 1939.60216861 1282.26444416 1698.52523086 1559.76061402 1949.67325993 1910.54160786 1812.47421822 1429.76485791 1003.24645704 1356.64389645 1879.20533592 1112.31646747 1077.75071669 1096.53632401 1147.55541539 1600.08626311 1873.04507977 1711.97279881 1622.65435129 1968.78506595 1723.94087441 1730.40620168 1039.57171006 1587.77865879 1029.48099128 1805.13470293 1573.38281046 1627.75758075 1235.5000387 1795.73981817 1168.90804919 1376.82984672 1682.54450405 1996.55457115 1482.00699836 1767.71763956
1751.56790374 1448.48562497 1262.96296135 1177.90162118 1894.98230862 1365.11234354 1397.32974161 1904.60101102 1362.78374555 1991.64040233 1104.25357338 1447.14818009 1837.16093677 1531.50478814 1525.33274449 1064.51697956 1943.72550619 1469.22595308 1876.60712056 1347.24196564 1327.79506679 1852.5752617 1935.91408894 1667.95130393 1938.50595258 1062.40387299 1933.90117474 1410.29363884 1571.09863686 1078.57876191 1286.36522509 1026.66064183 1139.2947712 1837.87588685 1270.58676062 1450.45362542 1606.35000782 1537.39407936 1886.56235232 1154.12376101 1875.67367359 1352.31617775 1007.51932104 1001.85713983 1104.38912757 1738.32029293 1296.94644066 1968.80232804 1974.7158147 1393.12023205
1098.19506162 1679.22308318 1475.8889632 1489.66895891 1858.51036658 1189.47106745 1489.94760946 1064.39552363 1622.99627536 1980.86051544 1784.22839517 1888.22925914 1242.92148526 1488.58143503 1892.15586715 1865.65983478 1748.07749487 1513.45014341 1665.62646215 1993.23216643 1131.82681559 1574.81986211 1411.0856977 1836.29317673 1222.81152313 1346.57895534 1980.93872008 1765.61965348 1463.30395905 1865.17680228 1986.49796261 1416.07313793 1873.29280953 1199.63482026 1033.78920496 1663.27163035 1057.74119825 1886.34641453 1913.44360779 1304.88589995 1728.7475878 1132.46928679 1875.3667384 1098.82280004 1686.44464954 1888.76390896 1485.75019389 1581.51817154 1871.68843471 1873.77194264
1686.64747899 1709.91424427 1319.32364316 1251.46809063 1160.8348672 1468.15734245 1417.74112724 1157.92402034 1563.81872596 1805.57766709 1385.27736428 1635.06465586 1949.74978393 1005.29227067 1124.77363101 1209.72106897 1321.20360794 1849.66490226 1743.5122769 1435.42341526 1071.29281958 1848.47685541 1489.5843212 1161.14065821 1009.99481445 1588.02373795 1733.80921228 1992.73664288 1169.54556268 1482.41829829 1655.65041595 1136.30300511 1052.78072899 1966.43564948 1675.31072529 1348.28218106 1522.38526687 1537.77441629 1832.25113986 1768.58282773 1146.9621161 1999.29120498 1627.2789518 1959.82017823 1170.8266011 1474.91776197 1161.55861225 1014.80265233 1705.76922903 1356.69093336
1251.39278311 1373.62892953 1050.0743694 1625.75266671 1229.51321785 1909.23103883 1169.17684198 1321.89461838 1316.85151218 1296.69269687 1829.17968404 1424.36416177 1213.59508877 1734.76495174 1065.85354776 1349.63897687 1896.45801005 1454.7802969 1178.21206135 1970.250138 1830.19697761 1888.25904323 1154.42377221 1041.17362212 1205.36252238 1591.0701988 1777.82530659 1922.31225081 1146.12965634 1224.89550353 1211.50004544 1262.64839721 1613.2616395 1583.18389676 1853.56953619 1039.91901715 1440.555768 1057.00439195 1934.1205786 1744.39893071 1926.34741003 1239.50686362 1471.15188743 1574.8490424 1417.14797477 1009.43225945 1940.08318335 1614.49244411 1301.31384739 1448.8479104
1768.03405953 1521.21349991 1674.59864003 1239.72651155 1283.20494694 1626.18817801 1680.5933391 1610.56695258 1228.57358288 1514.7598537 1509.76921587 1623.29715216 1868.82820722 1932.36480748 1762.97662319 1352.59922915 1005.9044039 1842.29081391 1372.5925937 1447.98475401 1938.14909738 1138.9842685 1960.98766851 1874.79354288 1662.89289436 1314.61755392 1777.66689278 1864.03102168 1908.12007445 1211.78831525 1928.00693903 1567.53093272 1981.01851108 1726.12386286 1679.55197568 1327.16241657 1797.04732309 1300.39941936 1419.07306072 1076.00801053 1971.60767451 1459.58473096 1471.63921941 1488.03758259 1952.75026846 1150.84249856 1449.73199409 1962.27888823 1588.82518025 1266.43763885
1702.32213999 1689.9295468 1419.78784137 1156.10157842 1946.16788444 1410.90984548 1778.17577101 1189.55060647 1486.36280331 1449.49639858 1431.27540041 1051.96631642 1506.46100506 1096.11860398 1996.71076972 1788.69962741 1683.22948835 1872.36047339 1899.87248413 1190.2528072 1658.03276671 1005.14246014 1844.55566579 1714.92081148 1856.71034013 1970.28432682 1183.55440356 1609.39586037 1543.14476621 1265.35497313 1373.3111542 1914.04074696 1051.46488108 1840.92162101 1365.39038086 1700.57944458 1598.78351343 1451.84901052 1624.1121092 1919.82006423 1279.82042479 1359.10944242 1649.70647157 1539.50884871 1086.00458826 1166.6022162 1625.25063476 1619.04451957 1514.17519007 1502.86185175
1939.34016434 1101.24743875 1407.74510891 1259.3461269 1283.82709126 1272.17210866 1675.21735401 1243.41660142 1154.04469548 1012.389878 1966.53416408 1606.42424975 1287.98484667 1185.92706103 1056.63629485 1716.34177617 1054.25451357 1604.87996305 1200.58744218 1244.38710596 1513.99684193 1937.83859793 1778.49875937 1345.57401869 1897.80961205 1590.33987717 1534.74536539 1390.64880491 1788.10078575 1986.19491071 1417.34294748 1819.60932062 1861.23923775 1216.55171223 1430.45576052 1122.12915736 1344.75162549 1932.25401992 1934.12267219 1351.82231743 1917.50960734 1467.52893691 1293.80470644 1401.18203618 1663.46746326 1986.78453435 1491.63851062 1014.82581403 1230.8416684 1667.65486952
1468.88526163 1303.53905351 1827.96655696 1541.13958764 1026.65829445 1376.19043478 1632.00846998 1210.74742578 1146.6018648 1948.33376275 1657.18435884 1260.29350815 1930.19667481 1283.88377783 1051.92288693 1402.27587563 1857.13623544 1139.20882584 1768.45331527 1887.95614015 1083.99336784 1247.26759893 1625.59795815 1121.06035456 1555.95536419 1194.18839959 1110.63405918 1106.47172217 1976.31821749 1138.60382366 1755.78310381 1917.12725399 1576.23163979 1734.2538534 1307.66261733 1525.6949219 1553.9716522 1424.39180792 1375.23257827 1038.88172984 1664.75266627 1482.05768168 1405.8722917 1582.08845837 1207.01057752 1561.06136468 1530.63330487 1455.64407724 1949.03562037 1843.73886698
1461.54771532 1305.96058573 1109.56082883 1438.04145948 1053.47103229 1475.24811981 1814.63118168 1975.09897284 1976.07404469 1721.59766157 1314.90055434 1495.4943693 1369.3978506 1477.1023894 1596.75773968 1755.51806185 1164.74864641 1824.21039035 1532.26516646 1076.81115189 1299.26422226 1053.90570718 1320.78947208 1463.35732524 1570.59381865 1825.2231167 1944.36148018 1791.79257102 1877.05272938 1090.01615682 1682.88502504 1630.54543441 1855.34912074 1162.8389736 1085.32110448 1045.1496954 1338.69145792 1655.98797639 1338.59431408 1436.30533747 1100.72362406 1929.36772027 1413.61306244 1099.52851421 1273.5508595 1012.03464619 1367.68957081 1000.61081146 1277.63054011 1403.10471119
