Algies/Shelton_A3/testFile0.grd
ncols 316
nrows 316
xllcorner 0.0
yllcorner 0.0
cellsize 10.0
[rows 207 to 229 of 316, columns 250 to 299 of 316]
1528.75777375 1320.80587178 1702.40184934 1868.52334035 1243.51014464 1441.48024379 1889.60864296 1312.33623144 1779.352322 1486.8474063 1254.50493934 1073.20683287 1788.30415212 1243.806665 1119.32251039 1910.6635436 1443.28587132 1186.88029407 1108.42010682 1915.56468567 1378.84670603 1460.77661646 1291.58514849 1034.88889545 1777.94773525 1746.68728059 1533.70259398 1820.96927069 1972.40764711 1317.21514632 1807.06203257 1941.39711693 1416.68630985 1223.07523536 1600.08803061 1495.22433741 1604.78055133 1314.75776228 1323.6236549 1467.88458823 1503.21909628 1639.13594448 1548.69605173 1653.36300364 1946.14857287 1115.86001261 1426.6557825 1953.07185088 1686.43519736 1469.81222145
1129.26217792 1955.72601799 1988.3888157 1097.79340711 1137.40425685 1451.88278226 1553.71038736 1273.05260892 1575.56925085 1001.95680271 1853.44054885 1170.63983252 1797.6910408 1612.78136363 1979.60753494 1746.08726207 1202.30934136 1396.54295958 1862.49487382 1945.16848643 1365.2886514 1756.37581623 1392.62991271 1241.55728147 1155.66961867 1419.93939749 1049.58585107 1951.72279346 1947.89009647 1535.8110639 1583.49059621 1938.08447732 1815.28640564 1293.23849858 1285.56797342 1931.32059259 1459.96196901 1453.63356044 1073.05964456 1987.16382261 1102.43408949 1067.10571394 1933.17368705 1172.43031141 1191.41935241 1915.47462123 1150.01419859 1032.1882261 1009.78195202 1790.72903821
1945.03692331 1147.87442246 1703.15814893 1055.37407758 1555.20134672 1967.53022328 1709.15303549 1468.24029867 1816.36208761 1482.91221188 1506.25179198 1309.35012543 1974.06646536 1150.64666695 1710.53277598 1167.49402149 1263.10589699 1553.24599883 1791.2511619 1812.1453892 1101.41222577 1668.80336073 1564.41308792 1301.16036083 1909.09562686 1112.54796181 1327.28667544 1251.12082201 1552.05114352 1285.35089251 1382.00759998 1826.36297152 1270.12714118 1132.76722363 1265.02217082 1348.2622605 1659.74304852 1238.790179 1911.82602084 1926.50059339 1624.13672921 1554.62508026 1857.50189091 1984.30295338 1567.68089254 1095.44643187 1163.53611371 1787.4877177 1664.17954797 1137.50073637
1351.61195009 1088.64729182 1728.64227826 1372.76619754 1139.77319541 1987.57710289 1606.25540786 1852.11721826 1640.73080565 1064.73754898 1687.72048776 1806.30850576 1794.69118035 1324.87509987 1913.90048275 1512.26867195 1264.76746025 1505.06434297 1368.32320391 1643.87156307 1874.57641946 1838.81306747 1045.49554625 1343.62594517 1756.19654915 1875.59102239 1521.844528 1248.87493731 1240.9390638 1774.06513424 1059.31089273 1195.44413096 1243.32655758 1732.31812408 1007.43382419 1944.52129768 1069.91493814 1717.16769387 1278.70065845 1938.19612545 1688.13399764 1934.82645998 1731.69381435 1059.16532098 1572.81744095 1468.7299009 1125.95980243 1348.32079611 1758.43895118 1624.75195128
1379.5944921 1790.49918351 1537.10170333 1930.22071848 1712.3707846 1256.34061246 1166.72567562 1857.95955289 1274.62802603 1195.86967414 1444.76316292 1628.83873391 1698.19835469 1291.78850544 1007.40675151 1801.14175751 1506.2332617 1474.82642892 1271.87282134 1115.05578297 1855.51370301 1782.02604407 1793.52562748 1778.64674575 1880.75105432 1349.38357109 1815.77361893 1382.35336126 1594.39026602 1656.48983803 1188.06577925 1726.71928369 1198.5044214 1946.27729395 1412.55579722 1636.57747941 1099.62956077 1017.59803979 1695.46946036 1265.16396228 1295.63183542 1775.95710594 1845.47915978 1065.7067352 1132.75740348 1482.18795261 1309.27314932 1214.32671787 1588.61089709 1125.8022799
1215.83644884 1393.58181102 1615.14260821 1466.05242962 1922.05502215 1735.73070296 1796.41938625 1897.46820931 1468.20174396 1042.97876222 1920.88777472 1441.0230697 1282.12576264 1227.60515766 1300.53898122 1539.54072168 1456.82584075 1431.47750275 1978.02691012 1999.12687368 1028.76267109 1594.0576973 1141.52587254 1640.2673691 1945.45570838 1544.98572226 1469.31286872 1713.98943822 1836.20170726 1677.78365248 1561.39711069 1382.72435208 1889.96531991 1719.4341742 1611.31095329 1640.71588014 1703.90982207 1341.38543501 1296.07156385 1132.46153696 1795.62434646 1916.19585253 1688.31288926 1744.94483241 1642.55618112 1486.03215876 1061.34212237 1748.02416485 1944.65175041 1430.20213777
1114.03671721 1905.69395107 1466.98150818 1687.44359316 1877.23374483 1663.32219252 1468.44589282 1977.46861429 1148.21582818 1246.72934393 1439.83256259 1358.25775451 1802.73412597 1394.25057561 1652.28438624 1344.53661121 1792.55737965 1531.40265215 1541.45238976 1782.67562829 1865.69400896 1465.70936683 1938.36935697 1312.83466066 1520.55850993 1818.14164495 1488.14949525 1983.64362856 1069.64335905 1853.3575174 1360.0840041 1459.76982365 1444.48149892 1527.80220778 1740.45289336 1151.93773251 1070.80234933 1466.29148219 1451.08841243 1962.94941082 1997.11538233 1161.93816484 1215.7878219 1325.96390517 1504.45693259 1628.7587676 1037.68893094 1106.2509789 1729.77850463 1174.3422321
1855.72576853 1832.61242665 1296.40609249 1088.1402272 1871.62950308 1281.71918414 1104.22209715 1056.72397722 1292.7966621 1515.92708966 1748.8096871 1558.14581739 1255.64414642 1684.25956704 1934.59250562 1129.91364073 1408.05997311 1126.42275905 1991.86718169 1487.66825388 1867.33244345 1505.69722705 1922.75884124 1192.3310828 1067.16772217 1902.58051348 1825.80273093 1492.47911588 1394.27213802 1252.71058516 1458.25798204 1462.99541642 1263.06681583 1857.63373754 1495.21954779 1343.57902516 1134.83880628 1643.61223887 1005.44496413 1827.69328819 1022.26150667 1603.5440138 1924.9023514 1783.11087096 1201.27553881 1012.89809275 1650.98555952 1540.32734561 1985.8646784 1463.26183599
1158.06807292 1799.41843041 1382.68138221 1727.02939127 1716.59369045 1555.3886039 1256.7363591 1302.16911116 1511.19230146 1399.34816087 1963.41999593 1821.24421705 1483.78302499 1528.4146464 1977.05284804 1595.30817939 1548.3804502 1522.5793068 1951.13729451 1479.32851933 1364.88724845 1475.68876461 1709.45066624 1142.82085949 1041.47618405 1665.11426854 1165.47037817 1973.01648783 1178.55094785 1066.89003181 1265.33212577 1399.02464623 1206.10378543 1036.34744467 1656.12598422 1340.9734453 1465.20290208 1035.0441658 1744.14807983 1756.36374696 1505.55899534 1317.09469221 1217.69542991 1859.06485732 1245.42358407 1515.86210864 1798.2198805 1416.72039481 1854.56982451 1843.529351
1779.30830708 1442.95494497 1469.85557239 1355.06026521 1931.81001157 1435.9646115 1420.50549465 1563.33451158 1821.51249752 1950.2910514 1642.93164029 1617.73885398 1944.79962662 1585.8981334 1850.62972126 1825.14203471 1971.91078835 1732.30984039 1574.27663751 1476.10461317 1884.36859912 1181.8045688 1316.12026463 1594.9371867 1734.46468985 1393.05596047 1106.66619633 1346.14332121 1113.36807818 1686.95177173 1009.37360852 1536.02269297 1614.18013351 1988.77162027 1069.31749248 1412.76323432 1081.23557776 1361.87915689 1524.5100597 1372.12591502 1953.90433428 1886.69482313 1461.62991201 1108.01713206 1443.42234223 1936.24932772 1860.00144965 1067.81245299 1522.32221954 1864.8965246
1539.81954175 1083.5645168 1642.07099517 1727.89874391 1815.15659777 1860.53019394 1631.2755639 1022.98966785 1163.99415764 1082.06056397 1485.34842651 1691.00427646 1012.10662896 1860.03648931 1888.67151347 1297.19949492 1531.00862271 1158.28377379 1338.84618031 1145.1578029 1611.47678906 1048.05393695 1118.36936726 1891.14980951 1169.44782048 1996.42533216 1078.02802075 1896.85278654 1696.55265768 1640.73636562 1455.06471377 1693.88857891 1978.13771064 1471.4393349 1250.46287533 1620.93318487 1816.34761047 1473.81782452 1836.76401167 1129.33001047 1264.6166755 1247.61327835 1422.46381043 1841.7868182 1504.71669121 1846.81081824 1848.19588671 1846.31249927 1405.37524303 1555.02833529
1637.23049457 1600.35977976 1460.18441242 1111.63808026 1243.97315989 1868.06987902 1668.94014003 1521.97438155 1599.61234257 1837.24290416 1760.23773936 1824.32190848 1248.9987015 1805.51328461 1825.3148149 1990.35829211 1978.10845017 1764.61060615 1462.25580903 1870.37363315 1007.34883914 1773.07197664 1750.84851822 1035.82361554 1394.16116207 1994.90372855 1684.07332227 1084.28815993 1950.56950941 1001.73702889 1962.88193653 1058.11885606 1704.53876537 1488.06699749 1312.20747439 1784.01216535 1724.31106173 1064.20238638 1277.9876771 1415.65162683 1065.21891308 1453.13630716 1156.01655978 1056.11171554 1296.21069412 1900.66066177 1621.2428449 1752.58385001 1956.77359186 1548.50757483
1260.69254665 1975.50115353 1370.01469999 1963.67281957 1756.55716522 1346.51787337 1856.13887192 1319.42400266 1179.43382442 1692.5489839 1768.00640287 1339.75700275 1974.99484045 1606.93745605 1135.19126141 1028.95140285 1729.02248005 1439.2987801 1612.90075378 1014.37741595 1582.49503835 1520.05641729 1879.97016717 1474.71544927 1683.45198425 1225.55546722 1235.13754864 1631.98419994 1434.41440812 1526.6245532 1120.73046148 1857.48985452 1196.96027354 1979.87334448 1367.94388764 1850.07532936 1470.00070589 1779.93459821 1027.84993155 1660.59686193 1941.62650283 1699.93662004 1278.64270518 1114.77654513 1728.1434875 1533.70816488 1726.30870941 1459.6579169 1768.88997558 1288.11635574
1085.57630757 1282.50758792 1807.04589607 1407.71646925 1601.60503138 1672.81859986 1597.1188205 1525.1874427 1074.0215567 1416.94217733 1122.39294953 1324.18735518 1276.59148455 1815.82070618 1269.84448541 1250.62792263 1168.91836234 1698.52309542 1857.35034967 1387.56802597 1809.394746 1093.57848052 1884.16852913 1856.74513502 1106.49185262 1053.00928936 1726.58400927 1272.8809777 1316.04279077 1674.70516992 1824.90915185 1633.05866401 1526.99825773 1635.58243994 1452.53509175 1008.88831397 1117.0829055 1475.10466178 1757.49222079 1006.35642972 1773.94193436 1711.24757876 1604.53610456 1729.38391621 1262.28467816 1811.64311976 1612.25770592 1740.04067999 1349.93532299 1689.42394865
1634.22759618 1400.81582902 1512.49064808 1497.39194947 1018.15540858 1149.96177037 1641.73642575 1657.05635087 1516.31810498 1218.54231963 1685.2460972 1380.94359491 1179.57829547 1192.7808048 1347.26791017 1522.34609033 1215.68570064 1219.19352421 1328.80639886 1563.17062574 1975.66572687 1157.93215102 1534.91687834 1350.18933216 1404.32341518 1548.34962635 1789.25242183 1323.37140883 1698.13306631 1522.97141246 1565.11390914 1909.69275422 1183.06758063 1193.88766275 1392.3691496 1054.25053472 1549.34333377 1290.02596202 1784.1721816 1516.81753792 1951.6879078 1973.85090393 1852.9144252 1403.49353392 1427.41085868 1479.32183982 1089.56621198 1569.90904032 1968.23866042 1820.9573127
1642.36331875 1990.83261398 1668.68562232 1180.95077314 1601.83968648 1205.93396046 1543.80924241 1313.13162492 1513.68206699 1434.52914363 1316.66064311 1930.77759154 1270.85711628 1708.36718949 1584.45392914 1269.75267405 1263.69510668 1167.97464622 1188.83178837 1973.77674141 1216.54195409 1320.83967238 1055.77279486 1902.77126808 1482.08361346 1384.95186343 1290.07153615 1720.35555601 1403.24017109 1530.35985363 1128.85179656 1725.68440005 1605.28537167 1614.97610378 1903.03579389 1517.93355602 1048.40245213 1030.34379757 1567.74771954 1741.73244578 1211.57572859 1489.40077834 1853.04358758 1258.50280222 1270.19717155 1051.793365 1901.24609232 1942.45619561 1264.910755 1458.16402513
1975.32796869 1564.86190175 1081.66289425 1277.22527312 1216.92861482 1649.03348785 1056.63232125 1412.83933624 1343.56001879 1859.55023137 1558.64882487 1294.24699519 1198.20164235 1902.39618937 1366.8472812 1970.70540222 1460.79864471 1335.67201986 1286.78095705 1128.68053479 1452.09262655 1862.6085309 1465.50233012 1585.72601709 1893.1682203 1802.42993386 1951.99552889 1026.46626803 1443.28928955 1685.84322835 1909.69813669 1278.50219584 1669.07297163 1811.02253541 1140.74251233 1996.16002328 1631.55637658 1682.12731427 1637.16808266 1222.06316286 1113.10398035 1519.31477318 1324.13613378 1450.19709847 1156.26528507 1215.23182672 1430.46620827 1035.45329528 1888.03633743 1520.84547914
1962.50153947 1183.76627959 1209.78666046 1826.13301963 1087.85891783 1984.57509785 1991.58522922 1334.32313452 1877.94729619 1498.07198885 1314.25915576 1843.63875084 1382.6681897 1512.71128965 1837.48789533 1613.1410016 1340.88212769 1011.1601699 1923.68736034 1964.66342933 1759.25408765 1289.65566947 1973.69677134 1587.26922152 1589.75950861 1080.47406016 1850.75392258 1130.26999801 1657.46496382 1992.96951924 1218.23031503 1218.13183566 1578.63894622 1342.02427511 1833.26717353 1764.55619116 1462.14746939 1645.86355271 1060.31109612 1353.86467129 1643.37288963 1075.83896403 1992.91267296 1867.96776271 1121.28866598 1596.7387999 1684.52209052 1505.69042086 1206.03970827 1630.0539067
1511.6461119 1480.55593115 1350.50902423 1095.16354575 1153.21392824 1664.87448063 1831.32062126 1837.85959914 1928.60798388 1580.08207917 1022.66037197 1192.73795589 1527.59519539 1956.8064601 1771.3693732 1299.8340072 1527.14349618 1650.20906323 1170.22658168 1763.98945656 1680.81062792 1610.65190167 1768.62383874 1413.27920112 1468.05451384 1318.11111105 1019.95056492 1050.24933947 1804.51871287 1793.24646986 1822.24958636 1215.83888088 1452.55270927 1754.24890082 1058.2804804 1317.88936392 1681.27837064 1787.16839998 1073.36787007 1470.16173928 1142.07215939 1422.68217333 1062.53089811 1105.51817947 1925.33638036 1207.92307377 1720.49364365 1784.65646604 1157.77158043 1480.28680043
1278.0994536 1947.07126063 1385.78303113 1429.09123845 1823.31594113 1880.94645504 1927.37465139 1704.01384827 1125.09718844 1264.51665818 1769.81028857 1430.95213356 1443.2686638 1820.19891983 1610.84278177 1882.72860183 1469.00899363 1362.12460863 1210.8853911 1164.29823453 1799.61905412 1582.1770878 1734.89945838 1870.44868432 1884.41280836 1026.21588525 1181.75584933 1907.59460295 1680.41333776 1068.71830874 1363.99605041 1250.37183626 1844.73000879 1456.16732973 1734.00366486 1803.93220923 1201.61674807 1449.92691414 1125.42217636 1090.57847837 1212.52971117 1159.40306016 1064.61751764 1590.02237653 1556.48886141 1168.96495255 1634.783371 1703.56981896 1300.31799842 1126.99930322
1242.81405875 1292.33657465 1095.1437233 1666.76660416 1890.2375243 1776.83391476 1266.23897514 1154.08197017 1957.02351434 1094.98334792 1425.08859531 1807.764957 1237.49930666 1949.93252292 1561.87318146 1639.64581392 1064.30355902 1521.65692159 1577.43665832 1451.90293415 1337.82110949 1411.39021435 1575.70575175 1475.44234949 1280.82667997 1749.79716052 1724.86466774 1931.88740416 1258.82065951 1998.53825262 1240.08005623 1198.20863369 1747.37172893 1050.88594039 1517.6098784 1003.49927741 1093.67097384 1919.46976537 1003.21283008 1030.87733498 1112.93382758 1699.17828795 1317.14463893 1541.31473321 1885.63752785 1214.76719281 1587.0615796 1440.88763673 1906.40273631 1443.19707801
1382.92967097 1834.49191023 1785.42689698 1635.3565968 1108.70481125 1773.95421799 1409.39099205 1442.70624496 1405.1759705 1039.74527007 1800.29577154 1544.14619472 1100.81595521 1672.82166144 1382.01467845 1160.5221431 1184.05150163 1267.25167395 1078.94345609 1946.43742302 1785.87481641 1545.84020448 1510.70780965 1221.0810332 1268.32166556 1560.38643908 1822.42192704 1488.54548496 1202.03280436 1370.06709167 1689.11620263 1151.79076025 1816.11888646 1838.3039653 1029.2458636 1270.06651964 1583.48778105 1526.68231731 1395.42685836 1205.09238481 1165.33447878 1149.07714724 1559.4484308 1782.75003882 1610.82105664 1072.84190712 1127.04458184 1224.74926333 1373.57910204 1218.91295261
1424.86250955 1710.90187163 1871.73742829 1715.56302039 1618.3710798 1906.4052944 1996.23813925 1442.82045541 1607.17980917 1861.70205909 1183.72785952 1721.03120333 1369.55635954 1738.26681097 1852.69738923 1516.08212007 1527.81498908 1230.80263921 1792.32685178 1891.48146245 1838.46710635 1554.20668383 1270.03331535 1496.6909717 1501.23375625 1554.83727041 1066.31662565 1523.6700418 1415.92912014 1245.15277364 1031.02154189 1751.42273016 1038.19581303 1239.54512218 1174.30417136 1720.00354711 1944.47388652 1957.35691 1957.36521622 1698.365701 1959.12940791 1862.99467781 1906.2009251 1918.41426892 1104.61287611 1331.49843469 1403.7474371 1566.74736505 1488.69023979 1497.32225406
