Algies/Shelton_A3/testFile0.grd
ncols 316
nrows 316
xllcorner 0.0
yllcorner 0.0
cellsize 10.0
[rows 184 to 206 of 316, columns 0 to 49 of 316]
1410.7339378 1800.70680727 1373.92020665 1808.18412599 1849.53614951 1028.44528904 1743.13181841 1139.02577477 1321.86094232 1167.94028676 1433.46135507 1153.92219396 1800.20586027 1044.5529566 1363.72583586 1455.62662018 1707.1097389 1163.44582431 1174.94472753 1141.53234518 1694.22601804 1830.08910924 1139.68316836 1086.11382727 1758.28233507 1173.79841806 1989.96960414 1579.92530786 1268.43790389 1344.95448169 1848.59087458 1446.15959135 1926.90179417 1380.31446225 1051.32062104 1052.60621458 1077.36965235 1964.29303438 1382.2502986 1923.46681531 1888.4425802 1699.23213874 1387.27974967 1838.21885311 1722.1309801 1511.44039289 1110.27518668 1665.95260876 1183.18201646 1283.38672959
1991.40116647 1741.71762778 1546.94116969 1724.08447786 1743.95658724 1396.98194873 1329.56548167 1413.78889599 1188.00111008 1802.63978403 1982.14201337 1401.57606438 1401.70272352 1206.88154222 1749.73295804 1884.42653252 1190.23611618 1820.43604632 1838.48648506 1790.09548637 1989.26537863 1267.0535486 1079.58175169 1658.30354001 1239.92360925 1797.53300448 1451.973102 1169.18626822 1689.83655985 1256.09331012 1955.16976498 1071.53901927 1573.45154723 1809.53860535 1070.89553766 1188.06100754 1189.86746989 1586.33782328 1164.43074017 1577.61658031 1276.97460668 1529.94415311 1187.14423613 1642.08136906 1735.18784349 1215.62031512 1453.52623153 1610.41183443 1094.53074883 1035.97077885
1452.87450359 1628.16319582 1836.58400572 1791.86603938 1968.62274967 1133.42954535 1051.21084218 1544.13178568 1798.16026294 1657.66491826 1990.70219482 1071.83912746 1743.28116733 1790.00439151 1559.8377459 1677.98246784 1972.87076239 1490.40738267 1060.60420076 1357.82185422 1061.26896179 1698.45079118 1444.9122312 1713.64576357 1833.92588559 1155.06703385 1828.21961622 1188.33267929 1314.01630201 1837.70923271 1457.34698908 1007.20402268 1340.00713815 1571.57403331 1065.59520008 1585.34371051 1109.73371132 1789.22403052 1008.0599464 1246.72105537 1559.81011508 1686.46002138 1865.51561307 1290.37731102 1273.22146101 1237.39173777 1931.43218377 1179.54219339 1500.39586938 1679.29987164
1522.5549774 1756.33853491 1651.27870751 1191.15122646 1722.47747618 1816.75495462 1533.58473011 1508.72064142 1612.01483929 1893.16981643 1133.44947565 1554.26199934 1994.59200857 1133.69050328 1665.8312519 1120.64445805 1926.95615753 1861.86014713 1202.4052671 1540.13414513 1799.50551201 1692.28523782 1650.75720049 1541.11062348 1595.02215882 1851.83557071 1383.65728789 1003.24749533 1001.43593905 1373.24533129 1800.20275378 1012.68020372 1425.87792762 1746.38714665 1900.74829086 1363.50187427 1647.54304658 1756.39152826 1603.88084483 1729.19748718 1614.53625185 1356.06550045 1892.8876686 1332.13599068 1467.55989624 1951.13485779 1360.20780633 1117.98937484 1906.94050924 1535.66463827
1711.72009833 1393.3052542 1759.52154561 1604.53436479 1541.02217669 1700.91020215 1719.47496405 1726.88956852 1051.2945426 1075.52206192 1757.6199363 1049.86491421 1877.6805192 1364.33169909 1037.44564416 1521.28035667 1380.93268106 1669.17744751 1383.27447666 1810.97435636 1177.72733878 1494.54793247 1828.41309417 1560.13136281 1319.01143222 1329.75628448 1912.50134041 1229.92616594 1826.57926985 1272.02058319 1842.46603311 1241.59979929 1617.64876839 1768.89490002 1197.14003006 1193.3501415 1770.24533385 1966.1527839 1424.92820589 1009.52911142 1571.46281486 1276.9570916 1483.86442433 1028.91203353 1642.13696308 1686.166631 1803.25111301 1284.35362573 1959.01376901 1557.618488
1607.80111047 1012.64959098 1259.78361203 1886.10526748 1936.48043752 1808.91283473 1021.78140262 1538.3414988 1717.89605709 1326.08642499 1011.14001217 1228.98254799 1612.89191752 1527.05954792 1008.40035508 1657.50098451 1465.0181729 1281.86702768 1429.99459223 1231.17617584 1776.64600085 1016.73353292 1687.05229399 1070.82389598 1114.67567602 1555.01363399 1508.64766712 1613.42953566 1723.31706118 1172.62370538 1365.3552808 1021.66189597 1254.31093737 1393.71663928 1916.95133504 1402.14586964 1648.61735513 1001.90788124 1414.69108791 1714.14139914 1504.80392649 1143.01947203 1022.01799646 1616.64426921 1368.34063111 1739.72032944 1471.65346601 1263.1098064 1369.04181092 1338.74097292
1193.00936739 1865.76703744 1715.58895429 1355.35656901 1140.63743642 1263.5515768 1849.83846528 1702.54173843 1230.49218162 1950.07812962 1711.80426095 1685.5422887 1122.29616027 1845.61661884 1827.33977331 1080.0678226 1820.06044182 1799.02412186 1562.18930224 1925.08973885 1335.20251137 1996.91128342 1501.02817797 1306.49437992 1009.22592825 1652.80858325 1575.49860234 1519.23097304 1220.39220315 1296.99992928 1223.77091966 1602.2849993 1556.61661166 1431.79413136 1624.85613568 1414.66247738 1600.73050883 1411.97866543 1035.33989862 1828.95863573 1336.65830962 1146.77047861 1650.60502263 1958.95535921 1789.12476352 1823.47422271 1710.39435575 1396.2162825 1624.27585787 1421.26360806
1646.78196329 1976.59673884 1678.86423961 1820.67587686 1185.55379052 1522.39467583 1121.8236674 1762.9550074 1366.74559392 1327.01333327 1264.87856718 1924.92871647 1846.49262365 1209.30093723 1699.96486289 1489.68000763 1875.07605435 1645.53894212 1876.852612 1228.40541758 1196.58945471 1264.81659487 1918.67987521 1616.00267206 1649.27756379 1095.27795781 1133.42461347 1302.65703772 1322.75227069 1300.0779136 1236.51282691 1478.01751382 1467.05803054 1222.52653937 1183.83353072 1194.45985624 1376.25368962 1224.81105088 1915.96682915 1255.64603601 1965.39526037 1721.21942076 1740.78116041 1924.0897254 1565.29992716 1560.0331689 1294.4580986 1557.93086885 1670.13553217 1556.77789384
1241.19934306 1134.32564423 1311.02310695 1418.68883045 1454.0414509 1827.12986529 1829.29647997 1657.95638415 1875.89453663 1836.37655206 1209.05056976 1394.34912391 1602.08253141 1114.98336463 1083.91759439 1484.93912717 1703.15635552 1392.18523557 1848.39080219 1820.66247825 1147.9189857 1014.15520505 1007.99162908 1668.23829366 1995.47160169 1551.88570162 1710.12276184 1570.73506409 1865.4301545 1250.91758152 1407.73281892 1761.16898847 1328.5031145 1976.24941483 1396.22239067 1923.18222036 1143.72597214 1266.90014829 1048.35115226 1469.76896634 1667.97474576 1651.87463032 1709.11131927 1129.41092432 1435.59330212 1205.73693072 1759.93719135 1523.87085055 1677.47810072 1999.4844742
1297.25904327 1536.19853655 1436.8485762 1215.2100834 1314.1528019 1642.20644734 1394.02618597 1513.38452086 1504.50007875 1596.05577035 1115.45462415 1512.63685291 1141.64296279 1188.51467409 1909.15320685 1723.2889335 1293.40889529 1981.33701684 1447.76115877 1233.04869703 1516.36997135 1297.72908585 1256.78813002 1160.03596908 1768.54871841 1908.26656342 1609.47345124 1555.1814761 1641.10979797 1231.4197754 1115.3002652 1823.13643477 1902.31903608 1452.91565782 1343.68475756 1073.20464184 1306.49320516 1020.66598328 1344.20301011 1238.64632504 1074.3977554 1807.37362148 1632.11958132 1469.79156725 1843.61804389 1685.01324101 1371.60082199 1947.63766706 1416.04383815 1348.39310965
1964.52392406 1730.26960706 1475.72103908 1392.56437441 1430.23293276 1218.36759539 1966.02389348 1755.23959335 1002.49027987 1858.404001 1538.85857769 1878.0021452 1801.04076123 1369.22275229 1263.48554731 1524.05460473 1192.94187522 1128.27135737 1772.75723987 1819.87546385 1226.41324689 1293.93905282 1816.89695121 1678.21505025 1728.79767309 1712.46563467 1613.72024058 1759.07922725 1422.99981556 1969.4336138 1970.28514379 1825.88125826 1923.5637657 1411.65187856 1265.38402697 1803.54495264 1284.82509202 1088.59572501 1916.55138059 1453.884843 1900.51221501 1130.23952124 1023.18184682 1598.92252761 1876.75628488 1804.36829425 1788.84086966 1235.71513937 1245.19890093 1485.14295351
1767.45785629 1271.35419777 1610.39084087 1794.73081611 1757.47179226 1016.44438756 1996.44223404 1492.00984921 1359.44022167 1604.2777307 1631.55559327 1076.01227397 1782.78112099 1889.20239747 1951.0210901 1984.22273256 1944.51102287 1996.42907801 1737.08305143 1356.02530059 1879.29817038 1237.48700446 1924.88231017 1818.31934834 1779.79622974 1965.9759201 1204.75078563 1830.65686836 1950.33279555 1603.63806046 1108.53033885 1880.74083352 1022.42243061 1777.1419047 1865.48742423 1436.49207214 1064.32001436 1653.18508553 1526.8316392 1427.6507263 1767.83981215 1579.77946105 1082.45811902 1374.6473358 1689.78593962 1375.35477887 1066.27659383 1780.75519141 1045.83320361 1576.30026726
1967.42882686 1221.90231249 1393.43328504 1285.03188193 1690.91588944 1017.31174498 1937.66758156 1553.80740539 1123.5393742 1034.68448545 1175.87560086 1984.27031492 1546.17451292 1456.81823116 1126.70838465 1561.82165906 1147.16047739 1681.74103006 1310.85852371 1674.26011147 1278.4230428 1417.11424753 1940.32474298 1520.18730331 1379.51815497 1196.9715171 1983.96515362 1384.65696219 1519.26043775 1442.21748277 1621.41609159 1855.89418136 1625.27295483 1384.18596142 1654.62006239 1592.07293425 1041.78656131 1646.14375636 1483.79972342 1086.79185005 1962.77252772 1926.10571697 1092.04211239 1290.24322693 1358.80368262 1172.82304835 1588.77407184 1897.91347411 1836.4067404 1649.1533198
1892.86232449 1035.78240678 1235.37539275 1476.13014677 1051.20748947 1685.05007777 1655.70729493 1258.19059141 1203.77242483 1760.09310914 1727.00768385 1760.83847924 1323.50801542 1793.99220346 1289.46737259 1380.3204208 1041.98592239 1455.29347828 1824.54796143 1769.39709906 1583.76739197 1060.82645652 1411.20823924 1974.3812453 1729.84986157 1618.77348548 1974.53865854 1521.54610032 1837.92232279 1105.33919066 1495.79500543 1139.15620939 1981.04405195 1966.95501961 1841.19521014 1645.80895791 1367.83403521 1867.33363759 1718.68346636 1565.18503756 1220.8406194 1744.45747422 1802.47401928 1086.44646197 1447.11539529 1011.41852869 1395.25303433 1470.75288341 1671.57506779 1008.04613173
1946.06962302 1015.10153914 1300.71503263 1060.01650749 1106.86985509 1162.73229655 1176.23053468 1573.19643267 1749.76887699 1945.10977526 1697.50502004 1508.38021299 1482.48229154 1042.42132615 1048.50849434 1736.16503697 1707.05205657 1437.27614591 1374.94487761 1901.74758468 1368.02561661 1484.42965037 1940.15717872 1858.45109737 1404.58606362 1461.28196495 1090.19444176 1098.18061093 1240.12666735 1312.02464846 1806.08603857 1009.7788851 1798.22024564 1543.42107672 1470.17910938 1872.74506998 1314.18377653 1258.01798071 1868.19000846 1380.93872583 1916.65863723 1734.9059582 1351.1953923 1491.74159689 1516.25557661 1899.13704661 1789.16627473 1749.89769076 1068.83211431 1952.87980027
1325.69713899 1541.46563212 1297.90902376 1317.41752866 1558.44210894 1750.74658755 1549.87110267 1661.81869074 1268.797789 1196.7894578 1062.63471986 1767.4834135 1849.83184979 1320.44431391 1875.20646447 1298.48906839 1891.50253431 1748.49596647 1298.81316924 1694.99375348 1632.11262875 1159.76995385 1273.3267608 1803.25646573 1435.10641733 1391.09296125 1441.15591734 1773.49860908 1900.47822218 1550.1042602 1623.12736701 1875.88592369 1888.65901732 1468.36565382 1996.81008951 1055.66463195 1255.15543066 1811.06616744 1924.85374495 1354.58104366 1403.60545644 1823.82030179 1607.36569008 1144.82206473 1043.13645478 1883.46698273 1638.45898521 1835.96885084 1732.03939947 1315.81426473
1274.45911934 1404.19028138 1693.07381618 1060.46378637 1221.8654103 1462.48541946 1280.09116834 1709.27254195 1184.42018287 1715.86738614 1742.93904447 1866.15970842 1790.48263718 1059.75647609 1366.72701877 1050.63951697 1743.02202475 1254.1011582 1234.62906922 1948.29994692 1859.57416018 1723.04868997 1045.73535836 1293.09736695 1194.93065557 1958.98879749 1907.26239959 1137.95490481 1235.17974533 1698.73929126 1236.97364703 1858.92548135 1821.34793353 1079.89700456 1107.7085173 1964.11515875 1891.4303177 1536.03445958 1054.23354002 1060.30092423 1834.16119469 1131.39608395 1077.03451584 1053.74558596 1158.21019772 1124.17488496 1723.65413021 1111.1812172 1011.77709884 1042.7532285
1174.42464809 1458.68063755 1761.71457393 1896.64735147 1058.45092487 1457.10879203 1537.21947009 1684.64335843 1229.26183669 1155.17165847 1282.04482107 1705.92874261 1440.08194307 1880.93192906 1796.46754183 1290.90388121 1469.05943627 1412.86605889 1332.66550551 1419.36534124 1563.09761022 1413.43721664 1485.96008107 1734.8824138 1541.74547082 1851.7031451 1964.07154894 1577.47406103 1240.90668351 1720.19900981 1593.65458054 1035.77536089 1736.90394403 1554.30772127 1455.64016069 1325.18003849 1712.10644245 1904.13465753 1630.11012847 1275.7580977 1344.68291616 1407.38503668 1042.86669725 1024.12353241 1937.37148901 1440.47463485 1200.91613408 1892.86500836 1780.08671643 1999.98103311
1049.2052342 1112.27452659 1653.07882109 1563.7655098 1416.08937216 1519.67199691 1251.36073148 1592.52542262 1380.98949378 1001.87967136 1243.16791431 1892.40096881 1653.50097544 1944.66327263 1962.38985446 1058.08477693 1385.31691233 1628.38043239 1161.22473547 1344.99781529 1389.1300992 1852.30961324 1620.43432305 1771.99018045 1693.21033285 1152.95726227 1302.58866299 1477.7540157 1388.27592802 1371.97011901 1333.62181846 1776.05214038 1392.43981398 1534.99827609 1243.22775215 1273.31622989 1175.16230955 1899.33214978 1296.78618193 1205.22868254 1239.67353081 1317.40593518 1000.89891341 1112.97292522 1708.52467604 1912.80234815 1744.60617363 1934.12823955 1470.77665966 1609.85034768
1094.95622649 1018.51377771 1791.8157583 1082.54826516 1994.18489337 1287.22567803 1623.19627959 1904.57354738 1279.60832636 1392.3867189 1678.8234858 1090.82447247 1777.13027295 1865.45394969 1808.03925398 1425.18183576 1652.64525935 1507.5572339 1268.39193414 1878.43170222 1266.12939477 1455.30026006 1762.26709006 1435.35744893 1072.46604861 1894.294387 1929.10581951 1160.70929082 1017.06067783 1228.79153357 1440.71665769 1342.31867868 1569.48793592 1947.29721921 1781.28429965 1899.76757922 1901.44616796 1379.68782245 1076.49206965 1119.11938526 1660.39439141 1184.15218055 1654.59413157 1774.80057488 1052.71268413 1367.71568586 1525.59183032 1081.27702596 1628.02088551 1790.58394462
1144.14733297 1881.62194851 1935.74977585 1793.42572424 1511.48485376 1784.93568715 1192.09104471 1057.80717916 1226.33084673 1147.73903731 1227.63910619 1617.46710725 1226.30697504 1898.46791491 1150.96355075 1326.67500921 1456.92636916 1072.42836084 1772.87107184 1573.12123171 1599.6525917 1497.87700569 1962.46653933 1323.28590486 1782.31121394 1407.39144468 1594.37605508 1192.51324379 1713.93721387 1546.93333893 1831.76472306 1745.55305122 1315.4315822 1036.14732941 1535.4302285 1414.70144279 1315.9111699 1216.51728401 1483.15455395 1929.89850277 1032.96778179 1486.09741248 1492.6952884 1790.2523679 1839.57383692 1738.57549733 1203.62674038 1556.19476625 1393.1894189 1109.50592406
1917.46810542 1904.69656552 1698.57157998 1502.15488389 1408.24030482 1995.46164085 1147.07167039 1557.16503475 1903.05421523 1056.93722054 1430.25555835 1920.54799637 1242.66107565 1421.46706188 1304.47050868 1541.20997141 1182.44894464 1225.66503118 1110.49706289 1853.35926404 1129.45083964 1811.78158159 1842.00696661 1639.59009362 1599.52977292 1591.77452163 1227.00689933 1694.12544149 1097.16747401 1872.4926172 1070.83866351 1362.26995124 1517.7345646 1261.51916809 1920.49853523 1844.43686089 1151.6989675 1694.83755341 1212.61231298 1954.8225032 1695.53026045 1106.4305003 1735.13579453 1153.1183768 1091.68531682 1569.20674253 1784.97328739 1060.16299549 1345.97400206 1487.71113196
1287.66619782 1713.34043038 1608.21126455 1334.2965919 1218.60104723 1898.45013429 1459.4363848 1210.49600795 1200.66505766 1974.51197906 1308.16952372 1556.41336152 1397.35479326 1815.72570738 1182.03422576 1619.13615912 1153.6548806 1912.25551478 1586.10344827 1209.0201825 1511.48029567 1072.49265221 1966.43158877 1324.98674316 1447.57868453 1213.23469051 1629.34002998 1418.9316869 1262.33433303 1353.57258754 1914.43437369 1247.44050517 1094.79566342 1616.82883258 1860.70280609 1461.14865534 1852.72738026 1580.75073762 1649.55019274 1363.8615512 1321.0291683 1852.39301088 1414.37563972 1583.46313931 1927.9286187 1318.70696018 1007.2349197 1998.60466419 1862.05159805 1650.48508583
