Algies/Shelton_A3/testFile2.grd
ncols 447
nrows 447
xllcorner 0.0
yllcorner 0.0
cellsize 10.0
[rows 115 to 137 of 447, columns 200 to 249 of 447]
1941.92325932 1540.34488029 1936.6300532 1316.43203596 1287.84890727 1185.85150006 1412.9972771 1146.57142706 1490.98331433 1731.3561303 1313.59013046 1965.56851336 1920.35998216 1497.49893302 1666.8287121 1289.26662399 1504.19353775 1634.51947062 1608.17901043 1140.32644365 1143.88269291 1826.76153767 1155.17829925 1932.84353614 1920.61190535 1030.235234 1067.48161205 1499.34328067 1219.22917978 1558.60905319 1046.86259501 1058.99510442 1638.33922378 1246.99469374 1948.42810302 1188.37338517 1913.12465546 1276.67731939 1418.99472781 1643.96345713 1587.1042388 1530.80276233 1421.42053583 1885.57294052 1575.90011397 1914.17590865 1816.91752519 1356.67164639 1703.2265635 1362.09394146
1213.91793782 1503.11991538 1410.20996679 1077.61103806 1407.48727981 1584.35177113 1447.6493965 1745.39608688 1151.81566652 1180.31607696 1549.72229205 1170.04188128 1793.29734926 1329.75765183 1824.43497658 1876.72501784 1873.25262315 1219.17559746 1543.58161953 1746.71677099 1576.16301735 1243.87197601 1086.03227677 1503.90454155 1708.17266884 1986.12020755 1672.52996065 1044.45618239 1354.90802917 1330.39518882 1830.30122935 1472.9463175 1784.54376034 1917.2480575 1969.33220578 1242.46751258 1000.74962269 1124.54557781 1071.25401567 1160.27390644 1495.12061476 1366.87756551 1986.62112592 1442.53108597 1707.75872429 1164.3385068 1030.29594333 1525.34567765 1070.09795778 1239.78851905
1136.63047193 1963.01421553 1233.12589605 1452.94224928 1783.29415918 1096.98033169 1256.14920839 1426.94340565 1063.32111316 1372.59741816 1351.63286333 1634.80022866 1424.00894261 1482.64581797 1411.02488701 1038.33704866 1634.12598569 1911.34157068 1303.43789997 1918.16461475 1075.68378424 1080.4920067 1211.55896191 1117.12210655 1281.5167998 1122.97414892 1026.26890192 1014.63014858 1194.23579959 1549.54033445 1417.0539123 1373.51765549 1078.27227135 1445.83776217 1704.25638794 1511.94385069 1366.90931195 1874.14666631 1931.42105458 1273.10066591 1418.35150663 1729.71633784 1808.17424684 1784.69591713 1588.73688553 1556.64945009 1194.06705001 1504.62568374 1590.99693886 1374.9676317
1499.50913058 1476.89231167 1294.20235448 1273.88066011 1957.55286204 1204.10694278 1904.54760712 1112.88687035 1814.22940188 1232.62724487 1223.01281344 1147.49009139 1946.21374524 1374.19994811 1118.43070236 1546.46477355 1213.2018777 1164.20571653 1220.20314735 1862.54363271 1792.73332532 1375.37260608 1308.27862938 1205.90089681 1874.92648619 1787.40712134 1805.0130455 1389.71919724 1115.85491458 1122.83685928 1238.72047645 1000.59226596 1019.54088702 1038.26424436 1311.95588779 1109.90942479 1814.86771154 1294.20022543 1301.69103792 1718.78192995 1033.2665907 1775.78090649 1494.6314791 1722.04438216 1332.45555016 1491.40071323 1303.86251499 1181.98705359 1607.25612331 1491.01723065
1198.15606065 1171.9392465 1983.32229527 1738.56681929 1948.78167992 1330.04433792 1491.88058785 1014.83685918 1826.85730879 1132.63570595 1055.36738526 1650.50617137 1945.70776965 1299.92433197 1750.01065875 1056.0116413 1848.58182672 1335.58768979 1943.3724098 1615.4693106 1396.58983516 1143.67796525 1271.08524628 1228.3483788 1401.3266958 1317.8510998 1206.23152018 1190.84030346 1779.67837166 1770.49557809 1389.91405363 1242.84428338 1174.27875683 1696.80920568 1139.15873001 1523.54837517 1103.57278565 1702.24564359 1227.39979002 1728.28411872 1317.54000058 1263.20795596 1476.45197195 1065.75752086 1672.51017879 1725.59526295 1297.94431932 1455.42336034 1658.92019332 1794.02007392
1993.38928557 1814.24623066 1428.13568148 1401.39904384 1469.7242352 1407.92699452 1222.13134179 1765.30880151 1844.3213256 1357.09402711 1934.86285429 1357.14543236 1852.27458118 1403.84143821 1922.08673947 1889.37012668 1104.6300278 1340.46268811 1700.1312364 1090.58088949 1831.97253709 1928.96337969 1160.17971503 1969.32968996 1728.14783046 1168.46245035 1242.52096116 1447.26071611 1265.56450864 1845.73471913 1057.10333567 1769.51796927 1404.02449354 1293.84652941 1628.14577802 1762.64809787 1083.66422841 1895.35815389 1863.87099093 1496.72549617 1094.71605844 1884.23056243 1539.06789084 1149.18055479 1105.15276991 1504.09692603 1245.1183916 1871.08533572 1563.26855805 1442.13665238
1582.3404794 1035.51874266 1917.67125672 1484.20375796 1354.24743289 1855.31158909 1540.88076009 1932.05364138 1830.7713324 1342.85727171 1283.73454362 1027.23574769 1858.52744271 1248.06305452 1076.62133834 1119.65983026 1384.52366438 1690.76121603 1927.3450757 1856.77013403 1270.7724476 1556.16549101 1238.73336179 1924.35219572 1947.47925526 1408.57395089 1252.00403639 1123.18666493 1071.9095372 1371.33495674 1706.76660767 1353.09071332 1533.17416367 1443.42254386 1857.19539189 1132.75580748 1451.55061701 1560.63211737 1305.65998322 1353.27563623 1593.82195823 1923.7322173 1148.66642215 1880.62317851 1115.363267 1803.83732152 1831.16682211 1397.87340858 1084.93188749 1105.22613468
1809.41401956 1808.63655201 1204.07123286 1338.03594689 1489.48362268 1243.22524253 1608.45583471 1408.8412351 1198.18175869 1022.12492174 1223.33947166 1741.68696452 1146.59894344 1767.25348877 1338.14188593 1387.44898825 1216.67182143 1921.71700325 1937.37949323 1285.30912348 1435.01050127 1404.96164779 1104.9491746 1321.89917601 1426.01981983 1649.5544473 1865.61021895 1138.3095933 1439.65792682 1822.19753318 1362.59237914 1337.41484965 1419.26849233 1498.5394999 1252.94163447 1386.47678359 1624.63476402 1645.55865211 1427.94573516 1607.87212572 1193.37075131 1562.18544274 1407.37437544 1531.30441549 1807.89992843 1810.60103549 1461.05205975 1243.3267465 1920.88961398 1180.10243899
1361.4245206 1523.25201012 1069.37557046 1504.47506102 1465.41976388 1552.46692627 1344.65967529 1219.95703737 1334.37703274 1574.02344291 1895.1392217 1640.14386676 1295.84476779 1107.06702885 1123.29958312 1147.61938736 1339.45571555 1892.5754051 1669.66223919 1739.92921729 1469.22640283 1347.6509048 1879.91450307 1744.62475371 1624.47892892 1279.05728627 1850.27998261 1368.24051277 1121.25023099 1223.65848492 1247.61255311 1649.07456213 1236.03940103 1947.31667061 1059.55125504 1245.30984167 1050.83861643 1375.31296589 1122.79938832 1536.62556986 1028.11534485 1152.13215784 1712.03083056 1005.77721268 1136.75333109 1451.04196611 1180.94314025 1481.88171254 1519.48124135 1182.91531925
1618.61628282 1280.06039024 1358.2691257 1703.48272345 1207.96403826 1035.133667 1860.13358892 1044.06687929 1066.91517412 1644.20767299 1262.15724302 1908.04077996 1904.47544485 1466.67190373 1394.26501793 1928.35708 1520.828099 1900.74605426 1593.53634618 1945.43773524 1059.586557 1541.77791424 1758.76517195 1028.89191211 1306.52777939 1309.7902007 1935.46081966 1620.67526522 1912.58058541 1603.73393942 1955.31890731 1230.78641453 1722.15518527 1783.03643657 1449.77667242 1969.97257063 1458.48502037 1225.23680214 1581.78484174 1531.80159033 1045.74469981 1564.32657675 1674.93502747 1341.91846282 1611.2409324 1330.70909057 1754.68252433 1887.61294534 1034.51760339 1804.08515527
1787.51909252 1394.91180583 1879.19949253 1777.9120748 1881.58497767 1891.22594477 1170.75446979 1716.76489197 1224.25871981 1233.19613934 1701.66427758 1648.74461587 1539.91646107 1970.43053948 1832.84773961 1697.87790881 1250.36246804 1899.76324362 1797.85319565 1492.65482508 1259.12881278 1868.57410945 1010.28796558 1145.14420631 1766.37967215 1620.93734873 1852.23482242 1820.56515013 1953.69818464 1393.45359511 1776.61849763 1634.69120541 1126.91521897 1142.708115 1623.93383878 1446.85342011 1728.20838717 1849.64309373 1142.13474146 1106.96812743 1602.42075205 1653.63843907 1640.79994488 1346.19958649 1507.96816946 1087.74463703 1717.36948411 1728.51956569 1332.70059233 1250.54540557
1996.14482648 1707.42582482 1903.53026403 1181.01698203 1789.15660255 1178.40659863 1493.13833428 1492.20282265 1458.39748517 1036.78860302 1239.78319704 1294.622012 1283.56328739 1137.71035802 1183.454829 1773.64418061 1101.67225838 1820.60114462 1250.35607719 1094.42030121 1746.73687166 1590.13770482 1073.07240704 1994.9270372 1780.10836386 1799.40117938 1773.56360128 1195.81694088 1680.2590524 1681.86799766 1980.51615323 1323.46936504 1370.9161773 1013.45036241 1275.11321576 1399.42680824 1619.87823312 1994.16543746 1278.13577514 1600.38860907 1125.11782736 1293.60514697 1245.09464423 1250.98523865 1389.11821913 1213.53795286 1035.29798039 1017.70310357 1863.39460241 1797.67692831
1341.03338094 1917.71293911 1120.91483625 1452.7342542 1535.94212517 1418.52036269 1215.35200679 1686.05435542 1485.30853272 1320.50521942 1428.20816358 1380.0920482 1393.16993012 1810.3862369 1164.62528483 1070.35999756 1090.84515339 1646.55704455 1356.55145618 1575.25837072 1446.45606273 1037.22790756 1853.62783705 1156.6746017 1304.31988789 1709.36187857 1109.49401009 1517.18668701 1783.49905048 1194.00151145 1684.3255541 1431.1463406 1529.45406865 1412.98391603 1751.51858892 1012.55861035 1818.83161213 1495.46336591 1764.73816362 1111.84324774 1725.03041823 1231.3877383 1727.98539675 1847.28177712 1997.61003393 1359.27340906 1983.92825386 1575.78151074 1993.85502599 1912.74397776
1325.88943844 1369.93065691 1175.2225817 1062.93681516 1928.66826014 1061.21508155 1750.02423919 1979.02638946 1125.90081674 1507.93959182 1987.44394527 1428.82623194 1962.36452012 1789.07169273 1259.20189768 1289.28722682 1618.05859004 1778.24120329 1965.58876639 1141.50093123 1857.33510846 1389.94430668 1089.76064088 1269.44899256 1327.21541416 1879.75097034 1055.79159512 1368.82054207 1701.64586568 1014.80573888 1001.69768338 1040.16676187 1038.61681653 1129.22714781 1708.39982088 1917.43088073 1610.68287493 1240.27423109 1374.10914181 1387.15756063 1306.42129616 1794.71846812 1600.70325476 1087.17955319 1954.94853034 1333.91893137 1332.36864844 1334.65988434 1486.10089769 1655.85106378
1068.04685688 1135.30016923 1948.35239446 1982.61156564 1656.97157805 1708.52243937 1187.47569948 1513.65333439 1084.51798112 1330.26437303 1654.91584583 1607.01714873 1524.99272348 1841.73605817 1677.35732544 1253.96949254 1097.61824915 1643.58406791 1065.80012258 1762.18457178 1211.88344498 1922.15557778 1991.36759656 1931.06159472 1943.86197008 1168.24703026 1514.87678299 1532.73031433 1301.62696642 1139.88522434 1066.2691812 1050.36390748 1407.12762131 1583.21399546 1619.3067623 1783.46290291 1835.97872112 1517.6766856 1283.03703503 1088.04796668 1393.01433329 1158.56302272 1702.55214347 1588.71594891 1584.00027118 1684.06857884 1666.63709344 1007.03926795 1692.61377463 1027.38592551
1647.30428864 1834.71461422 1871.99461003 1321.97230463 1634.11001983 1056.97214357 1683.39418265 1845.92190308 1179.07400816 1408.73742681 1199.21019719 1129.10365097 1329.28937619 1663.67797813 1189.0221265 1484.05789878 1937.11562468 1380.71250967 1109.16016149 1410.74423199 1731.72984581 1489.71877803 1808.89037669 1622.1776715 1231.46625611 1148.295651 1824.61855188 1813.36364303 1089.71894032 1153.93156351 1092.13723991 1014.74090032 1760.94563761 1659.36598386 1705.08498001 1015.95049564 1642.13689918 1767.45288502 1623.01425941 1161.14934021 1539.78552523 1309.48204418 1222.7036766 1623.38699585 1344.18349604 1652.1890073 1007.19955948 1189.97021653 1033.29189205 1065.84476786
1086.97579847 1681.02063644 1736.91631362 1488.73109622 1413.70944026 1032.42042531 1993.81972616 1369.77450247 1378.47802179 1747.38502297 1968.53323954 1489.83812988 1993.67799487 1281.99645431 1791.01783422 1526.46769592 1501.84782068 1151.96255402 1681.17364834 1495.98942029 1638.9915729 1243.42084508 1903.9323417 1279.77183496 1134.17631657 1650.92102217 1133.84762581 1459.17582431 1315.67405971 1713.19429088 1775.95464943 1730.46863166 1081.5826402 1633.58075555 1444.9120879 1455.92743 1536.66240262 1161.19646582 1779.38911834 1387.67585016 1068.41944574 1197.55703469 1489.28729839 1655.96391035 1310.59281267 1555.26323336 1917.19289534 1817.33804155 1666.80907186 1453.97935914
1551.36546574 1594.63723598 1750.77773428 1024.51203908 1518.72656422 1741.64619051 1166.7610795 1894.18439226 1327.30628201 1378.93310595 1206.02833405 1312.07232438 1783.88264702 1814.36459941 1061.28714571 1462.57809267 1843.66200598 1709.71253661 1619.74869309 1869.07870932 1160.99387456 1719.36407826 1957.69540952 1063.1622399 1194.19155415 1950.93330315 1464.06831615 1687.5425479 1218.61403453 1205.27834804 1379.03356207 1667.92177637 1434.06542785 1226.55447524 1161.72612549 1340.60831733 1485.83198939 1317.55483193 1623.42710233 1103.63533957 1719.38041167 1990.4034078 1678.05771384 1640.68285915 1367.50320197 1841.78762321 1237.83459283 1113.57053391 1551.97176375 1097.13465034
1437.77445579 1720.14488208 1476.82570316 1115.94162967 1763.13255008 1552.07961811 1494.72815207 1897.48011502 1247.20488871 1981.38579272 1939.59214179 1316.76182022 1998.57433378 1914.57915995 1288.04002805 1656.50268395 1050.05619276 1867.89969776 1520.48450882 1747.14527809 1978.10539603 1087.77833988 1973.05637749 1555.16717411 1700.74656378 1649.95403774 1990.07355366 1845.20741388 1536.25892745 1580.56739259 1046.37696275 1170.48832448 1348.08033177 1629.05678495 1117.27217028 1462.78870893 1573.06627902 1796.17849437 1934.87485623 1336.40186965 1959.28632471 1139.05804053 1472.12882533 1064.01881761 1056.64996814 1424.30625526 1960.38796097 1451.64927979 1123.80792006 1848.0675979
1727.56646536 1014.15113809 1885.86384647 1638.44582928 1163.68458908 1093.21437649 1626.94844845 1496.41923577 1142.59360329 1508.98307258 1026.54160697 1509.67607675 1203.54286648 1362.25994197 1165.10065091 1092.3643947 1437.30004586 1567.57683096 1269.32494848 1619.38870051 1280.58390049 1061.13391203 1939.10428076 1588.91385945 1284.449631 1632.00292245 1578.02578612 1770.74806836 1621.96458635 1249.13033981 1343.18571031 1955.59055326 1852.39919901 1099.58113203 1926.62042928 1925.61609271 1392.97618682 1633.15693806 1979.27551617 1098.21927431 1331.7007755 1782.12085331 1452.90591076 1700.16977073 1092.25037757 1852.64974043 1031.09591485 1002.16182747 1257.54084072 1699.23416918
1845.51550328 1056.29933679 1873.10114419 1536.26035971 1621.20649155 1780.39979171 1123.1042484 1420.6916318 1602.4815278 1629.96819899 1448.62466491 1753.84920098 1450.92794142 1483.93966167 1043.56824988 1595.38834029 1380.48836374 1144.75715323 1994.89371297 1292.21131026 1992.10221553 1441.66224508 1341.18420365 1417.4633625 1410.92654917 1513.66410124 1646.38210289 1754.86699453 1468.82030857 1680.98573162 1946.86939302 1537.04583598 1492.29973895 1778.25358411 1703.50769182 1142.14219189 1013.73200135 1330.47909574 1356.60951003 1554.8682226 1535.73910057 1237.06877499 1461.59519221 1436.64486735 1661.09663949 1546.18900313 1731.40365438 1304.99929145 1800.10664563 1348.36513758
1721.52644741 1984.01645268 1369.83534689 1549.62389643 1175.79900657 1395.89580577 1349.81307092 1257.62007727 1240.71176832 1914.72103153 1350.82068381 1927.88848833 1631.8872529 1182.6943457 1674.48155919 1592.6082771 1053.13917117 1121.26886227 1651.23312067 1980.40653174 1031.40480528 1617.85509477 1609.58377496 1330.87332972 1089.53011094 1173.39256207 1099.47597148 1095.98612135 1175.17068515 1206.9400912 1736.2858763 1867.06101458 1510.82017512 1683.02831792 1021.615527 1187.10055299 1031.63659802 1719.65845269 1816.31921509 1943.75400251 1632.9888694 1109.14019551 1408.74994008 1444.68782788 1196.99573995 1411.85649936 1415.26109685 1594.67007403 1455.74866827 1536.72742222
1483.79125097 1157.64489892 1694.34986073 1625.44412553 1842.39954452 1934.76036738 1759.66165408 1690.67379989 1783.60550761 1437.7043129 1204.14979526 1893.80458138 1278.47971979 1861.23343008 1534.61991105 1571.75101241 1682.72890349 1140.73222122 1135.1693281 1026.14468798 1405.89170102 1039.50754563 1931.19570267 1223.10593064 1781.13710679 1739.80904547 1993.74727531 1192.90351618 1665.64300643 1828.95260184 1504.25867959 1704.8206112 1920.66560505 1050.07234383 1538.6462652 1189.54505527 1625.77094379 1237.89560628 1329.46615483 1684.8175265 1568.63199647 1524.65831316 1709.51036069 1616.23169709 1604.9392959 1144.8530608 1216.99680697 1755.28166385 1935.68621143 1023.17162605
