Algies/Shelton_A3/testFile5.grd
ncols 547
nrows 547
xllcorner 0.0
yllcorner 0.0
cellsize 10.0
[rows 414 to 436 of 547, columns 450 to 499 of 547]
1562.09074619 1692.19913519 1200.03514417 1077.1090774 1700.84417273 1039.22003356 1441.46489332 1942.92156944 1009.45058377 1540.32580531 1529.70133172 1847.15468358 1846.69461713 1017.42719951 1490.63515827 1220.47846155 1249.95745258 1452.04045373 1920.98759181 1357.56647399 1126.12577348 1774.77095489 1341.9861071 1557.79770594 1389.03695467 1156.70241256 1006.61837261 1452.7978078 1455.69090697 1143.2680246 1688.55230141 1903.93048252 1880.22331548 1776.83570516 1161.69959945 1223.42855178 1198.79592104 1635.08067225 1978.39248232 1563.71101922 1129.21288355 1055.09556207 1406.77260185 1480.17209949 1444.891723 1811.97910552 1426.4722895 1688.45205564 1241.69969247 1318.9313356
1787.09389156 1200.99720568 1234.07252395 1983.92443474 1708.23155828 1961.90162238 1180.94206967 1604.91438753 1785.40367995 1347.25904135 1373.99418241 1957.03959538 1417.09565139 1441.61984849 1286.31966274 1797.55883541 1408.02370637 1612.85137559 1222.14251479 1610.12598154 1487.51600892 1632.94301068 1910.8988098 1170.16882168 1149.98648082 1443.71576451 1807.87523068 1258.56743878 1623.83914103 1725.12415061 1578.129 1965.24489882 1904.50551468 1623.55336305 1370.99762294 1054.27713423 1348.2386436 1545.86746314 1739.4257414 1678.16403176 1694.42642602 1899.8747763 1052.54669076 1748.97357035 1566.02702931 1463.70535806 1420.43344367 1402.91670245 1571.66619267 1928.94267199
1563.70047487 1811.22408718 1829.76850081 1088.75690657 1870.98681393 1946.80436037 1524.43369933 1881.77772253 1069.29206836 1691.62848853 1532.52664476 1588.56456065 1016.95759551 1659.55147899 1925.49892222 1184.19763015 1534.08452883 1243.149948 1347.21937374 1266.38178658 1844.65185059 1582.28302796 1054.79129007 1903.20359201 1317.44756453 1115.74478142 1991.08641131 1224.96486832 1064.77642934 1816.195396 1950.81769944 1757.57851121 1337.27984479 1710.51002628 1017.78802365 1302.10586757 1452.59888868 1756.75904015 1500.40031208 1424.88947501 1401.0258603 1644.85617126 1052.2528311 1429.48075525 1213.72944063 1346.69292087 1661.93785186 1872.07498291 1160.71529184 1777.25934941
1412.03775702 1348.1788185 1973.1578524 1490.95285047 1143.47703961 1903.62993823 1701.62850298 1462.52124851 1609.97866947 1754.20155239 1480.79642466 1450.35588974 1641.14973129 1045.00654908 1786.11611713 1857.56008444 1959.99477486 1238.50198329 1248.54726102 1794.67008873 1314.4335909 1474.55592406 1087.61699746 1759.61239292 1583.2802456 1407.27160335 1348.82652062 1498.777676 1451.15683238 1288.0075599 1613.76062959 1107.48634365 1726.81084183 1293.9944667 1436.7214137 1084.87749006 1595.49754726 1253.0372163 1908.08733246 1119.1651855 1805.91453861 1691.64296459 1079.29514546 1209.83749707 1822.52471096 1018.10714125 1702.03013177 1628.04646669 1597.04762519 1461.55090902
1914.01615565 1324.2841216 1734.93670512 1267.93490512 1981.36167067 1359.74171562 1697.5295419 1989.72147956 1127.31865872 1664.55328769 1640.36761329 1626.06695852 1120.70233239 1172.65363221 1781.31766216 1426.93548911 1859.2147341 1602.46802705 1080.44165093 1621.52308937 1514.74891345 1601.34583976 1256.47642469 1156.53527361 1061.45081028 1869.72751912 1178.85066026 1197.53904077 1905.43350401 1905.75385505 1164.29505459 1415.14078823 1887.11106716 1547.02974597 1643.9057478 1156.90698197 1418.19318685 1854.27317182 1536.40654272 1002.38703694 1400.77124711 1726.98796829 1187.10930533 1711.40354846 1384.1205724 1442.37874148 1939.82545216 1238.49040162 1549.15038371 1777.0010018
1393.73248682 1346.80740934 1519.22612356 1834.70290268 1993.26196712 1488.92085789 1033.79506018 1788.53597605 1119.04283935 1449.71102775 1361.87145062 1571.80661587 1345.85557358 1000.99720872 1927.92001294 1132.69192328 1192.03338025 1595.09376775 1758.55337302 1370.62749361 1797.35608385 1847.84770518 1469.86728586 1591.13555348 1267.30345774 1046.61210785 1660.06646972 1677.24277759 1489.41374473 1203.32377239 1284.7026093 1784.05989427 1226.1106434 1061.10454296 1098.90721318 1418.4507684 1669.41620163 1581.27220835 1037.63481184 1728.45070366 1577.35856937 1826.98488721 1593.3925983 1277.4707451 1192.24730851 1608.74861617 1663.20623935 1278.74057798 1412.8288111 1316.38447098
1884.21583343 1492.29250066 1141.6327298 1460.11134077 1081.98289785 1768.7559077 1297.9624937 1105.47837912 1290.61166648 1212.11605967 1862.84963891 1233.11885709 1371.5888001 1026.39206323 1891.6652271 1873.98645633 1573.80311023 1588.28338211 1073.2353844 1511.32727222 1833.41418755 1002.83526552 1857.76114562 1300.30867933 1186.98122118 1016.79185774 1365.52514226 1218.55685282 1872.82295162 1542.57759902 1670.85489205 1053.13630055 1480.09929792 1501.90651301 1452.24455667 1302.9589503 1346.41504494 1789.70857802 1893.0243291 1694.79566289 1645.13378885 1971.86071538 1413.18888626 1755.75591068 1731.23646974 1739.22052344 1461.61365579 1864.82727247 1989.86585393 1948.78350893
1411.72263173 1220.66959411 1042.72552849 1958.25073946 1951.52690886 1343.4433132 1501.7387708 1901.56542793 1914.97969132 1520.72849 1861.5648121 1961.46047007 1465.21081404 1523.04874759 1712.31323801 1818.23238532 1323.77513495 1712.41131763 1696.6412569 1537.54807539 1067.12010898 1908.97878954 1520.57838106 1058.99991962 1132.525934 1564.60847805 1167.5670704 1754.21310275 1682.2951065 1160.0649242 1739.39366369 1540.41921765 1786.66947965 1663.69284345 1797.41807618 1755.92047307 1782.7259408 1823.50441024 1644.14990473 1667.85510798 1262.6122481 1318.4675779 1324.01746464 1456.72227573 1505.48186154 1898.18623534 1316.29841865 1268.16387278 1825.90344604 1567.1862244
1074.35577012 1578.68040365 1337.74150695 1907.78141008 1909.69851184 1784.14893672 1989.49767105 1646.17633973 1241.22510835 1530.53694499 1005.54808841 1822.9115711 1182.41440614 1613.90430667 1868.65546796 1749.6057681 1396.58103299 1230.44783778 1816.88708779 1513.24805114 1501.42225316 1800.3926881 1396.92398113 1553.55755985 1236.01426207 1530.39740779 1606.48353419 1548.28537601 1956.67401497 1795.76136333 1700.45110042 1049.07862701 1859.93647225 1708.57518677 1010.9189456 1971.66477496 1499.86866105 1129.47772224 1852.20789552 1194.98720882 1853.49600519 1690.20288729 1819.06744445 1244.36660245 1397.16102672 1765.49608485 1188.40381712 1337.48682571 1854.16563358 1303.35412787
1344.38011986 1726.72652939 1852.9598161 1467.92268235 1212.02941776 1679.01745092 1852.30088712 1655.35181198 1665.63020152 1755.32184871 1255.75442162 1877.84721309 1674.72129775 1445.36091052 1765.82916666 1180.34404313 1630.11768342 1084.10507757 1995.51497481 1638.23293198 1638.20503092 1864.4609035 1048.25424081 1321.5356582 1233.63264797 1236.2301993 1176.31169474 1137.54574171 1253.32122553 1278.32743326 1477.26995267 1611.9310688 1383.28472691 1349.26065754 1353.64869327 1365.38603337 1904.4982319 1667.98387491 1986.50388614 1207.12220387 1934.28994833 1199.31871171 1133.95540026 1807.08783591 1607.66627371 1141.61501045 1044.47437906 1414.7964527 1012.95955114 1616.6410998
1568.77598585 1911.86050825 1867.32504775 1581.07148901 1390.84838074 1673.16891616 1247.04272583 1639.12664894 1173.82068888 1623.38132622 1368.64778549 1373.84151721 1919.59163705 1072.83704552 1112.95551938 1686.15688369 1134.63569341 1565.62600005 1794.15381843 1119.49057953 1882.7025447 1017.16025436 1960.612754 1392.49711529 1480.53633096 1424.98042856 1154.64355033 1945.77051516 1553.49248382 1714.60178664 1321.28899719 1641.48928641 1585.39797026 1173.05482384 1117.75539614 1869.96271498 1272.19735138 1342.82823252 1754.24774256 1852.34806751 1315.35249267 1917.90986437 1539.48340623 1715.66579877 1477.60333234 1357.28080243 1383.84085489 1076.30877083 1240.54460487 1827.07346147
1783.3732508 1150.17922723 1395.8208171 1217.12493224 1195.13562366 1648.2908485 1177.71113454 1834.28001948 1360.76496354 1354.60142197 1661.2613514 1603.11097811 1838.16054284 1829.12181272 1454.11428011 1222.54136789 1473.22202267 1114.29574159 1290.68707266 1838.15109682 1916.78018259 1757.69419899 1663.99576766 1733.07247811 1604.48903251 1641.3267444 1897.2269998 1893.85937391 1072.66094286 1475.54984818 1304.85250177 1375.46456897 1999.9087331 1654.3548575 1016.16291321 1222.10449436 1708.88324277 1682.36030681 1634.41290024 1833.78877167 1198.41616369 1537.52683434 1668.0200594 1384.94986686 1276.52522196 1610.80633288 1863.85189711 1549.23003661 1684.98473144 1101.54552988
1526.27009721 1870.5990468 1945.49931498 1182.294424 1906.39672814 1906.90739246 1043.50967198 1063.21644683 1818.02064608 1580.97253587 1074.11877612 1622.85107199 1066.25112893 1708.18307068 1064.14772057 1570.55096593 1748.53568334 1799.07132195 1566.28491865 1431.45837015 1536.80251252 1025.50741152 1004.98204691 1809.58473022 1343.64696588 1107.04009145 1730.99850184 1894.77224919 1479.29152364 1321.71692248 1745.1802968 1228.07331343 1478.32308859 1943.02667785 1302.73971215 1644.28150564 1344.73564737 1759.14025117 1683.82008536 1387.38164926 1586.44129302 1519.2732569 1435.51255052 1742.65094334 1023.43570469 1518.42508977 1389.78065843 1920.47377934 1546.03851486 1805.15439316
1549.23584482 1050.25866468 1947.33507184 1788.29261249 1028.19599878 1069.08652555 1446.08236422 1251.25881297 1574.5371216 1360.26342439 1749.77148813 1600.01847709 1188.57405436 1494.2406069 1920.18493262 1798.4516287 1550.74085808 1845.2067257 1963.55888115 1297.06269993 1662.05718604 1370.94679447 1318.11218656 1903.08686109 1506.22312166 1838.18449469 1738.41225532 1383.17534603 1248.16193115 1065.25017415 1750.43328011 1951.61290573 1639.81442569 1243.66614596 1572.75335544 1651.5772051 1420.42398514 1879.12442654 1436.12850247 1251.32488982 1644.01460215 1480.70651017 1406.42908055 1241.24423921 1812.06499146 1921.67244204 1829.18065255 1789.45747963 1484.9374484 1176.65212941
1431.06223049 1440.20937966 1733.87157871 1209.71820761 1510.11424067 1100.99909953 1785.23711259 1690.77986497 1386.87464542 1342.26804692 1580.07131071 1422.64954783 1312.83351162 1496.56487506 1057.38208263 1159.23149346 1576.23687466 1422.4875183 1087.11372221 1440.01788906 1403.68424372 1366.54476193 1199.94075282 1267.4194129 1995.35964661 1854.11691307 1924.63053974 1854.67275221 1129.92646026 1243.8698884 1335.26153248 1556.18582869 1251.28294599 1403.17607651 1576.66591053 1768.91610372 1872.14175917 1958.33998238 1473.46479487 1688.82300841 1867.99230689 1083.2280447 1427.63088303 1685.98203499 1544.2511179 1204.4789045 1328.60971106 1171.79558265 1100.79543151 1398.19439157
1680.21164979 1640.72773342 1793.42788033 1428.38162532 1768.26574317 1800.1372511 1213.9707567 1003.65515104 1233.86895212 1918.42133962 1986.41365002 1511.63004188 1261.74988144 1832.67569018 1389.97727277 1218.12126222 1674.8754433 1649.40396806 1903.23556779 1213.3283824 1799.11029731 1532.10277748 1274.63833708 1648.01378115 1084.24731377 1504.26997629 1354.21491139 1855.89078148 1005.34187566 1351.1471895 1880.44105445 1084.14540727 1596.19605003 1685.17120147 1975.84274747 1881.54323101 1245.16698516 1351.3572325 1915.18424227 1601.20851592 1064.23656876 1350.85308298 1728.96342913 1008.4014441 1976.92757884 1333.97603937 1639.35137943 1096.79042678 1767.60981824 1815.75521821
1322.79182096 1644.48653893 1260.61468046 1792.45933399 1062.67093276 1145.36990634 1947.82204285 1671.65702186 1379.541692 1174.74667824 1331.82221835 1899.93573397 1616.13945439 1837.80755781 1932.65313018 1127.13741325 1347.4257594 1957.65033302 1384.98348281 1233.13064554 1828.16112196 1012.03340489 1723.16325741 1481.85970176 1725.43593123 1874.27827058 1322.86511756 1418.96594468 1799.9189383 1527.99857097 1255.5906256 1184.62534985 1241.45544105 1149.87117884 1877.4765509 1478.76811443 1596.31746315 1298.90716127 1449.82712158 1537.40224156 1837.2308011 1237.01714962 1058.45626342 1250.2776099 1689.01070199 1381.46635052 1709.67015122 1510.83504068 1495.67576501 1599.94117303
1437.43950947 1932.68324273 1075.86937306 1133.64637467 1974.83004989 1012.08532878 1711.76967934 1082.71865749 1706.76617552 1594.36759455 1647.45482409 1589.80883802 1302.09170811 1366.0039183 1017.29393043 1106.52180821 1577.85626219 1733.83236534 1694.71447612 1253.53534999 1030.30902862 1724.27951018 1447.08195293 1024.24782712 1109.18527702 1966.85014066 1966.81770603 1201.09482256 1605.36992449 1938.98198689 1502.75978147 1415.13442026 1428.73937746 1266.71663187 1874.84351433 1113.13885873 1309.40455749 1812.79475892 1449.02979763 1662.97107168 1682.767657 1471.37583898 1880.74110177 1487.59488219 1481.91903021 1527.57298652 1844.15171708 1226.82199042 1336.13099092 1366.16059317
1758.07241393 1571.13566689 1881.22232329 1672.91425584 1367.27441787 1269.84404371 1925.42555079 1453.49626538 1296.93394817 1855.31438353 1314.9405431 1543.98678523 1863.30842488 1828.77106013 1263.40250997 1150.72122076 1242.01744835 1752.75591011 1503.59537231 1822.90497919 1058.91556113 1958.25235046 1554.16566359 1748.6993197 1325.06433555 1368.19799207 1952.57102328 1897.88780857 1204.94017263 1865.24310119 1426.85800393 1395.32391639 1175.93737181 1080.94384892 1183.25342187 1689.33420074 1528.16704733 1873.74223061 1533.91059058 1507.69208545 1641.60736782 1187.36985298 1805.2634349 1986.50647018 1202.12059633 1926.01826021 1610.52889496 1801.84480032 1937.65465195 1233.85332948
1503.46442305 1149.14193181 1730.4331323 1125.20370447 1309.97768318 1694.22384915 1444.88687603 1398.17733343 1172.65775502 1957.96351917 1365.03744012 1238.16000921 1848.94274377 1789.34536743 1831.33433295 1168.98267676 1396.18100387 1334.79243973 1498.21693746 1202.09585131 1000.86684934 1378.06922448 1707.33802967 1061.0848863 1074.54817019 1797.18868564 1608.99947437 1965.1275806 1060.98970126 1320.46352413 1045.95452634 1527.51942354 1352.41008367 1264.86756495 1324.4003368 1421.7695812 1550.3247886 1621.79673296 1577.0702573 1854.52854269 1424.09127175 1221.54988041 1602.55310132 1289.62936286 1060.03840043 1889.59976619 1935.54636851 1999.21487618 1815.9642847 1319.64983291
1412.73683167 1837.0684728 1692.18354176 1606.15698414 1950.57709707 1784.95847313 1558.47476405 1833.78791771 1640.84427143 1633.57726872 1406.64956604 1677.7956613 1596.2128704 1566.13378176 1983.87795461 1071.03479031 1192.25486195 1802.76272304 1918.08086892 1536.09140599 1532.68767061 1105.85608156 1977.46059215 1945.12488547 1070.8157809 1435.81581744 1798.65982588 1453.86287067 1993.54675214 1757.86232461 1331.6511397 1231.4575976 1239.08572369 1337.31707319 1674.39757864 1786.81066355 1738.64544943 1536.09327195 1864.33942945 1553.11865341 1300.14336273 1232.50848834 1659.66760361 1812.86818659 1045.76189199 1569.19027908 1403.01419508 1964.67637148 1359.08485706 1226.43184816
1352.40296148 1832.33307765 1669.55513614 1371.76983023 1795.09368594 1913.17581789 1142.59086199 1411.71584756 1666.53706517 1280.48639129 1890.40147757 1479.83694396 1103.46811051 1581.53958142 1030.43170404 1463.84112503 1208.39991686 1609.64787272 1767.4270734 1017.63926502 1475.47739867 1444.57398067 1839.85004775 1424.6714865 1488.73932331 1837.63547242 1839.98770154 1473.24558052 1209.48917969 1217.4015341 1092.16623429 1521.37534331 1250.01180819 1323.97308619 1674.5215389 1740.29908255 1562.30084764 1059.58339665 1273.40979369 1065.5320933 1263.15550625 1353.55535046 1658.80942947 1190.13045826 1030.31375081 1289.70521886 1016.56741053 1815.61140508 1643.70106497 1085.40880473
1591.09069617 1023.02460243 1857.4736552 1475.11828347 1780.0037557 1836.39336391 1208.06527636 1979.09545789 1480.14431935 1301.97587346 1633.52451449 1304.08732366 1039.39734921 1037.02237975 1136.52184164 1812.13099923 1152.5495217 1274.26836608 1570.45567034 1849.69073345 1161.15609199 1094.16486975 1352.71860871 1565.88622655 1884.53720236 1865.47672709 1660.14243994 1454.42170273 1709.95524386 1592.29016665 1248.99511674 1408.89744818 1569.25535536 1901.12132983 1409.32281197 1734.21091817 1803.78831892 1176.00581355 1438.9474273 1396.29680314 1097.73090083 1624.95339907 1029.6661861 1032.43769847 1085.56414581 1317.96465989 1275.81779204 1434.51805492 1417.87398136 1331.14332168
