Algies/Shelton_A3/testFile3.grd
ncols 447
nrows 447
xllcorner 0.0
yllcorner 0.0
cellsize 10.0
[rows 69 to 91 of 447, columns 100 to 149 of 447]
1039.30851857 1026.35441412 1825.38331092 1950.71058129 1907.74828281 1755.34832504 1763.201038 1282.61966267 1598.803339 1948.7662827 1164.48906579 1977.88476318 1566.16206707 1413.83060185 1494.3163934 1425.43466903 1909.63082212 1389.57242811 1697.30568577 1469.09762648 1269.82552629 1627.97216423 1016.4057353 1144.75236921 1096.5339062 1242.256249 1512.3539966 1507.95772495 1942.51327308 1806.71083383 1624.13387901 1669.77795363 1077.4622911 1833.87051909 1997.4395697 1436.61944716 1713.92538234 1780.98624956 1228.62887812 1473.77546317 1843.53721737 1939.19926357 1751.90203796 1044.48155858 1306.29126185 1482.15140942 1342.01791618 1659.10900619 1089.90580717 1116.89092451
1376.16188664 1214.3571717 1051.21934436 1743.00731762 1396.10404306 1444.19036169 1266.22918183 1122.10418372 1291.6084044 1820.24267217 1908.81219696 1756.97447232 1668.69347286 1440.98293783 1471.72294984 1429.3927912 1055.14241003 1022.30497527 1184.16846326 1118.17732093 1264.66260294 1683.27018545 1072.45749451 1209.94377651 1371.06429237 1032.52264633 1985.51543471 1901.98285055 1424.57225042 1347.54674279 1627.72958408 1041.54308016 1318.77331192 1762.18990109 1143.94295935 1911.08710149 1355.55183648 1058.35087412 1820.94587058 1518.97758246 1341.40679232 1173.59292599 1255.03290078 1330.49923977 1461.11663332 1999.55536952 1544.60669158 1982.33749517 1237.96861511 1264.18471908
1950.00838823 1974.63236491 1645.40515516 1473.23719901 1390.98352025 1752.15089864 1054.8881392 1936.94820821 1924.95984975 1729.51328654 1274.73130811 1211.84609964 1091.43905217 1679.29920046 1210.1732419 1546.87602369 1218.90542781 1749.58402562 1092.50666962 1718.66228962 1433.04009482 1146.53391166 1955.15156081 1612.73396903 1632.76315665 1185.61260522 1212.2555484 1798.79589104 1729.90476812 1355.95889477 1711.07138234 1764.27763676 1335.693699 1370.12763303 1840.7367906 1785.58388879 1243.149115 1573.94853805 1067.24883895 1533.33926603 1795.29182276 1063.2418899 1838.69069062 1045.75132993 1147.38585716 1053.95046027 1451.49795922 1958.88041559 1239.48074397 1042.46092459
1468.68953792 1863.06256795 1208.20437266 1310.64391207 1362.98090628 1555.65964628 1823.63133254 1080.42348314 1965.45170023 1190.03424707 1944.22679965 1045.71981722 1151.73794559 1712.8771791 1195.77454566 1437.95646016 1063.2225318 1234.70868399 1207.79685497 1986.51436015 1427.31524856 1325.15171763 1229.07557829 1178.4519077 1524.61282612 1651.51548438 1681.48975533 1967.50141673 1359.78077539 1105.95498282 1953.35086121 1786.12920112 1682.71742944 1754.06630947 1420.44278015 1398.25062879 1480.68871654 1368.46297772 1450.95250787 1562.90643079 1736.29154796 1881.90342178 1344.99270405 1230.45682679 1614.37186571 1514.44752693 1694.75662636 1615.5814447 1933.93877562 1471.72085242
1589.72347652 1542.17725831 1415.24511997 1819.18018302 1455.91986397 1016.48158633 1252.26250139 1419.88970515 1648.98283294 1156.82991592 1714.35798619 1441.93583241 1300.87545887 1335.66685039 1617.9249121 1710.80008388 1799.24951892 1777.82222506 1810.68275325 1556.02385754 1561.94096575 1120.30237261 1624.75673207 1354.09117161 1071.58950137 1959.74536859 1215.81112293 1100.10174019 1172.58544312 1608.46826576 1155.61526409 1652.62591744 1902.05491084 1541.09359794 1325.281106 1396.64015555 1006.632571 1919.4433148 1041.82629781 1087.35125646 1989.39740355 1681.35886063 1557.60714606 1250.4401415 1748.65464837 1094.01430673 1338.70153231 1905.60064161 1616.22489542 1328.21634437
1598.72582402 1660.95883681 1408.89321971 1994.86733977 1225.41602765 1951.91408373 1774.28668828 1456.344459 1832.43151634 1068.29317824 1206.56171156 1184.26146621 1547.34332489 1680.91067689 1823.94800569 1922.10957518 1476.62379329 1549.03758297 1425.02385914 1868.59423183 1227.78410641 1887.8902355 1183.62963836 1146.34293403 1585.08350949 1832.10662528 1750.58456661 1133.19569455 1142.42791366 1389.45556007 1237.92122264 1742.66513794 1137.13523888 1755.68617416 1038.22903151 1197.03152709 1556.61273937 1078.03925107 1496.34285807 1251.63181398 1993.18652086 1847.39511231 1106.19454342 1785.45307672 1521.96129305 1273.5244904 1419.82704174 1981.84300753 1665.84549634 1560.8584223
1977.61434623 1234.10653669 1892.87703879 1035.40347742 1899.49677794 1725.4979518 1061.20756345 1576.4857633 1560.00846396 1208.43389683 1989.06392138 1425.22249797 1857.98072016 1838.58571191 1507.1263744 1946.86542352 1243.68099972 1187.52300354 1411.55956687 1589.71992366 1056.29922499 1723.64901422 1176.02110433 1319.31112385 1865.58530552 1621.97592283 1480.47335373 1303.51475746 1836.8019005 1422.29885868 1030.03000157 1735.2825536 1971.28466724 1543.73486517 1706.14407101 1340.60581587 1677.31587988 1891.59382865 1699.51435482 1671.87356608 1815.43586225 1654.94980671 1429.58472754 1709.16509157 1767.92751733 1525.29417312 1749.47675493 1856.58679318 1396.45137784 1216.53986417
1548.3761362 1818.00356617 1305.31261997 1008.88771759 1313.72671253 1283.50135505 1948.05351933 1503.7122706 1868.28034309 1550.43799366 1008.49629657 1443.97645377 1389.45652963 1810.11609623 1525.44626082 1814.36014857 1605.05370643 1438.77576298 1928.09568873 1844.96946738 1084.84602661 1764.4097789 1254.08305884 1161.5440919 1763.42638373 1120.34998708 1312.71163188 1206.10004068 1797.10311108 1335.18797681 1832.44465316 1341.29494573 1788.993938 1791.42055408 1723.69955127 1908.94617131 1642.26544635 1075.54990715 1985.45082077 1221.55514009 1466.85295346 1695.19122901 1954.75665913 1239.15228094 1001.13676261 1645.95639469 1893.07390578 1909.21324951 1942.32313881 1870.24757061
1079.85895288 1718.66403627 1368.25620043 1376.10347066 1645.04143041 1858.91174282 1219.91425681 1752.80874724 1357.04457825 1838.38585636 1875.62951045 1837.35152244 1698.14043521 1516.61663609 1710.41767168 1835.34898395 1623.28073766 1612.43990497 1057.09115869 1310.49093983 1387.96624352 1107.14347537 1295.81056537 1869.10078525 1446.18596783 1688.23096759 1932.31553907 1564.74292835 1962.23682681 1661.55887813 1478.59731291 1420.07277732 1104.24962489 1845.15301407 1951.16829683 1832.71519658 1550.31126858 1367.5921145 1609.56211906 1584.70109221 1021.03238768 1446.52753759 1832.67667727 1589.36148533 1662.36298709 1380.51641059 1806.39405177 1668.52999965 1971.5120061 1948.99252935
1037.67082066 1516.78035057 1591.83830989 1164.3882368 1039.91968066 1811.68719948 1560.40483199 1178.5368113 1868.13432907 1444.65355357 1639.5648826 1556.87716609 1848.18241726 1826.80745528 1965.28889103 1249.88141685 1802.51009638 1829.73474098 1637.73487544 1660.84502106 1920.21356342 1737.47147741 1690.01571376 1460.44529915 1700.95682078 1988.01467994 1737.86897667 1253.89750849 1355.0904223 1803.05749222 1143.46148578 1058.67455283 1645.62223435 1242.49762802 1466.37661872 1637.02226115 1799.50092723 1048.14957988 1645.42240681 1814.24364397 1358.22578567 1449.6748402 1537.12951378 1177.57084702 1440.55058218 1635.4544447 1270.6869944 1143.48743532 1356.1332887 1884.65110733
1776.74919388 1035.3741974 1864.71497694 1462.72265792 1926.85575073 1489.57374604 1758.68689908 1628.87426285 1660.75587134 1287.66545958 1618.30613894 1017.35797006 1225.34295477 1829.94738794 1161.95320559 1889.74958182 1300.03446478 1444.73667142 1870.59805612 1320.99577368 1464.60636262 1941.71870282 1207.70944964 1421.73447054 1496.72648339 1188.01550621 1894.54380455 1894.35018121 1053.01863196 1781.900773 1004.41690337 1325.54141199 1289.87068806 1205.62809966 1120.48148404 1986.66261499 1558.03329102 1173.74085136 1277.21640773 1819.78280107 1573.12944547 1311.79382025 1928.67920562 1836.83688934 1989.98608913 1340.34625261 1365.11496655 1811.4462776 1070.57176605 1560.42321919
1692.6271566 1187.72883908 1318.45435166 1344.2893816 1765.74687852 1439.21068878 1149.43427877 1820.28288505 1646.21905483 1225.81971786 1767.99646986 1460.98881592 1923.68157694 1448.26684614 1107.46285514 1790.91052617 1221.67221515 1107.80208891 1178.9648781 1893.50384437 1026.82098999 1763.45711459 1928.85471291 1281.79266617 1865.83500233 1816.55283499 1022.50921205 1097.50502307 1518.29653866 1640.14573294 1895.76786826 1226.85937545 1846.25459521 1641.36790077 1106.4195227 1766.99215377 1799.14338751 1508.40881512 1080.92620616 1056.2331862 1457.04727297 1250.07018255 1896.35389002 1638.82942471 1611.54228892 1599.07317408 1671.99617051 1430.29581523 1133.4329867 1664.10284299
1534.45187433 1810.53152041 1317.35246135 1948.61181994 1788.08896 1369.75573795 1642.72467655 1400.37366585 1647.44222949 1881.92446151 1221.30810288 1818.00199214 1343.89944763 1704.954882 1933.02167924 1838.12427381 1599.50977152 1467.47010209 1777.31685072 1355.12386121 1189.60844453 1076.93813637 1582.79746951 1908.63242151 1785.61626866 1654.43439312 1161.08087326 1350.43848513 1022.27675069 1355.45576172 1775.46593058 1388.83828234 1314.88045378 1468.43411366 1004.24367913 1520.76440398 1635.31588837 1894.36382867 1011.10300855 1423.10514232 1224.58910919 1162.04613658 1542.43871114 1841.56425963 1592.32579567 1729.9709102 1666.56609378 1197.91451581 1875.71843029 1183.50950738
1673.13475869 1877.93958923 1287.69740202 1405.95986746 1814.65173392 1510.73577682 1854.90699368 1538.15343854 1406.62077552 1764.3379888 1790.53515226 1890.91772257 1819.67026311 1454.02253778 1104.00984898 1675.02816894 1547.03775862 1504.6365743 1611.29181147 1548.61795501 1964.42188957 1645.72016933 1946.79484705 1320.39601104 1873.90132454 1579.16642081 1579.11698058 1788.36332806 1003.43804138 1473.89237756 1601.61507527 1062.65721249 1993.54636548 1914.22337919 1802.64652111 1974.33154555 1290.90605625 1687.01198816 1796.8530597 1311.74841862 1139.26192903 1879.38745605 1079.84320679 1981.98708035 1694.14745414 1002.89773041 1614.33761128 1741.3086031 1414.2923867 1364.51751595
1829.82500188 1486.22224481 1615.69861525 1908.05424857 1524.72818027 1737.02915159 1495.83110406 1466.24485787 1962.46558097 1300.68230105 1592.061439 1648.1816694 1928.34853057 1269.79407083 1386.34187226 1491.09745124 1273.22556041 1911.91746939 1184.22835388 1834.02717022 1171.89822981 1575.43131217 1737.68830104 1476.07129513 1918.41907147 1420.94456641 1797.74493803 1008.66807566 1157.44754154 1955.04955552 1839.46318437 1359.85754552 1479.9308088 1312.1364487 1114.01245282 1147.16255496 1194.6243682 1959.31289109 1895.23470986 1633.61661834 1672.68279155 1472.58684975 1799.71624372 1499.68994188 1452.91161988 1561.55344338 1954.26066321 1780.54928886 1285.15830447 1360.59117869
1752.66215714 1761.91054404 1141.44630192 1485.01835026 1784.47191181 1628.37393534 1119.8893585 1258.09301884 1248.7275013 1089.96250571 1163.59531724 1661.55064191 1010.23297202 1340.9753808 1082.51406465 1053.43155728 1473.25354229 1285.86502506 1310.55854343 1536.90000588 1914.66283854 1111.18358043 1798.91462416 1037.16285108 1178.82068326 1649.6381659 1803.27737043 1829.33750372 1286.73784215 1351.12531529 1550.12158278 1054.98641635 1298.9207684 1419.15333327 1565.73646592 1850.79531726 1959.66120582 1292.5065478 1529.1968638 1930.79359886 1145.83760296 1191.42501025 1628.48568967 1607.0432216 1997.16389535 1987.97523351 1469.57688832 1141.44640188 1099.33225164 1189.73343708
1804.53152073 1664.55073447 1009.29328272 1252.71516952 1097.2559329 1694.51583025 1611.46045691 1082.70264114 1466.5628538 1223.97905085 1949.29337548 1510.47247957 1435.49950533 1322.27184986 1551.96707817 1382.97577904 1282.08778884 1388.44446146 1578.26933895 1771.94963714 1837.19540361 1240.78196062 1016.03358548 1908.26846741 1190.93908011 1731.18749698 1164.59682405 1753.99631291 1795.03001816 1759.73780931 1484.87088278 1192.92678325 1589.08757143 1141.44736249 1598.70011676 1576.68762046 1599.36885209 1900.78267652 1242.06669204 1839.28097206 1234.00497579 1567.80198988 1663.13685914 1930.08983621 1902.89421867 1823.44637169 1178.37089947 1591.14072307 1287.07810595 1105.70403246
1163.47371314 1085.14674017 1676.90288737 1594.73528413 1571.03328552 1662.55934436 1688.11374833 1142.26833788 1376.30006462 1013.95391415 1250.33507031 1157.18513801 1047.54943633 1460.80218961 1117.31637962 1648.02926039 1870.51114893 1015.41050034 1614.60674842 1644.70809656 1345.4460223 1076.97733607 1305.65768575 1071.18324361 1868.33094751 1106.05278557 1784.96108675 1788.18667634 1220.03021219 1198.34022696 1348.25630674 1877.45577309 1079.02827333 1325.88037051 1171.66987955 1592.56890321 1148.87289966 1566.98750302 1753.04468672 1761.10259557 1674.22578312 1321.77105193 1763.31370495 1808.8571928 1042.76767617 1489.24209967 1349.87713153 1554.79670723 1669.58531465 1160.35148142
1748.94258731 1472.72777557 1452.69707163 1741.33208867 1865.94722868 1313.08154975 1014.78609971 1503.25571931 1460.78518824 1020.6954991 1583.90195937 1152.96483926 1826.06427591 1810.28983551 1917.94803861 1109.70704765 1077.8161147 1095.71605014 1922.24594325 1014.9488274 1200.18765958 1391.41689436 1988.04095952 1015.45712312 1316.20340996 1053.86511499 1061.2203978 1648.27458696 1504.94583147 1980.91827896 1095.46084426 1280.25602328 1837.43210945 1018.73110051 1263.79550016 1398.47919672 1820.58923193 1188.88560067 1591.39260447 1945.01124708 1390.84014349 1178.55876155 1068.46714065 1877.07020237 1343.12662054 1046.25755486 1830.76379339 1256.24594959 1468.52981693 1356.38527094
1548.92852603 1861.24679523 1267.02971583 1077.12362497 1150.95496856 1782.02750699 1071.29462353 1947.17520946 1953.37671796 1565.03461714 1187.17671898 1965.66062716 1778.47696712 1594.02754834 1731.08993621 1817.82646706 1364.4859419 1625.55236388 1330.9172444 1676.47053579 1070.77877795 1789.18648177 1834.61989893 1789.12118685 1268.79902609 1812.15258293 1757.47504841 1366.39078374 1035.56421056 1590.93855836 1733.72575623 1707.03777199 1055.146144 1825.30220918 1760.25590788 1895.03368776 1770.16138884 1463.3653467 1834.88035689 1957.43269505 1463.5779163 1312.62627243 1082.36212749 1917.65338016 1683.95166835 1529.13045702 1713.66877158 1481.34883171 1168.09230139 1527.94154102
1892.42336861 1875.64457965 1272.66686677 1094.25336859 1281.87649158 1778.80363512 1803.04941447 1132.10230204 1946.12052543 1139.49829716 1836.40987371 1239.1671993 1711.57371094 1948.87966267 1126.31097347 1715.90498114 1742.50818789 1223.79923484 1463.57224773 1895.94248887 1234.50502361 1182.41856901 1377.81807807 1902.0636833 1792.31174779 1813.9561698 1161.22526621 1704.67396927 1471.1348681 1427.51773131 1641.60969304 1589.38283709 1600.45480247 1050.72148319 1815.83544617 1976.87971986 1282.31605396 1379.30554564 1703.16693351 1158.46242406 1834.64382602 1069.07460703 1418.53293829 1723.49839825 1642.03136537 1204.33798609 1952.96746495 1213.82929788 1541.40150027 1409.64789935
1545.01288196 1979.43559563 1809.07575608 1972.24381013 1742.76794494 1676.56133343 1802.98957163 1507.88632934 1242.34998782 1250.7747803 1926.47453345 1352.26265859 1494.87483332 1460.89488191 1141.70607866 1740.4367042 1571.26659472 1398.143985 1293.01199148 1159.83672049 1474.48597238 1367.28845198 1542.28991403 1428.57599444 1016.8289565 1745.37931893 1326.87699557 1126.1649414 1539.10601812 1239.17485386 1128.30249631 1357.90569029 1245.42050866 1171.09349006 1017.66917938 1300.45267869 1917.29381744 1226.23148347 1853.54584182 1232.64955023 1487.93444774 1699.83151588 1425.88539203 1346.9394332 1891.61775835 1250.8587832 1569.04836508 1335.74102776 1220.92432598 1190.20898095
1037.90001358 1104.16473172 1415.39185345 1805.45588934 1584.15832451 1106.47903742 1589.69207002 1889.88541662 1992.07141577 1597.22961923 1278.91271969 1596.46234171 1904.90542121 1205.16672263 1510.01476249 1467.18141364 1536.70826212 1188.86009384 1190.26685817 1983.42286783 1767.20457827 1018.25812356 1829.13985502 1653.11301047 1212.95383251 1200.95348979 1645.21355507 1119.62375336 1506.58940287 1462.04377086 1777.9618729 1242.81534941 1671.83568662 1263.69627739 1716.86823221 1798.58143964 1341.4427152 1654.13084233 1044.93198175 1503.27299394 1533.20978658 1131.34080016 1010.26988038 1321.45166769 1380.79087038 1580.98249362 1828.34824774 1907.27724814 1519.96520502 1242.91510876
