Algies/Shelton_A3/testFile1.grd
ncols 316
nrows 316
xllcorner 0.0
yllcorner 0.0
cellsize 10.0
[rows 161 to 183 of 316, columns 250 to 299 of 316]
1503.18536528 1596.15130834 1723.55777098 1254.62822435 1290.76578387 1932.82929675 1608.57590707 1019.82367094 1411.49931111 1297.90023626 1417.15772424 1748.16280702 1524.76379692 1927.85136307 1352.01393551 1152.23391213 1611.88854992 1859.856913 1659.41647418 1246.07127355 1789.4583781 1052.94462654 1965.73851452 1867.54358912 1632.27750081 1343.65505394 1111.69244296 1963.81436183 1454.80657162 1803.63627386 1006.54385171 1632.12218346 1482.53608727 1816.12327526 1107.53848746 1551.60287687 1348.77989794 1069.02019901 1416.69331305 1775.18599707 1865.75709775 1434.63841732 1572.73721934 1621.09297831 1880.82673356 1689.44270186 1322.16578124 1201.1574356 1992.87655939 1237.90568593
1043.86664024 1873.44978117 1379.65492653 1069.91459486 1070.08229424 1920.77077957 1575.78773722 1764.38150209 1645.34179844 1677.86005859 1292.39237208 1235.28003323 1154.33435275 1431.39807727 1164.87604977 1617.50291991 1820.01603448 1409.23273733 1939.43369594 1148.71732354 1858.71905532 1452.67168929 1393.96555279 1451.74654657 1149.32691977 1106.77598116 1483.08883034 1590.74815453 1453.61333717 1691.46853319 1675.30226274 1551.10576674 1062.05749681 1596.70342195 1607.91051039 1777.3927949 1296.03532538 1255.05604315 1175.9718716 1786.54096653 1326.10260684 1194.49144749 1399.47972333 1679.73880582 1931.12641857 1283.31017679 1985.44969707 1578.96278004 1731.08037918 1161.32235307
1874.25160948 1885.52589526 1172.62113418 1657.58178963 1169.45535757 1643.93532942 1839.15438409 1153.10996727 1298.40707305 1508.2899555 1076.30370617 1822.15958178 1663.39118543 1059.59873402 1967.65986563 1756.62391557 1834.5578893 1384.41949402 1314.22447275 1165.18749071 1402.8546737 1491.09889283 1754.52349873 1225.90258161 1055.22682128 1799.03063121 1286.91680975 1829.24046131 1142.63637555 1384.11131542 1063.95855816 1775.1231205 1131.81573658 1507.0030432 1910.59356416 1078.67457676 1922.11629764 1587.99938291 1179.20436417 1278.9850948 1191.31413159 1882.01252459 1808.55025853 1415.46416151 1353.01935938 1420.7916785 1478.16625993 1512.37085682 1135.18730532 1283.00789927
1823.18165702 1980.09353627 1115.70331043 1323.43171984 1438.60223375 1416.59486448 1460.2879963 1903.83048079 1575.82746387 1653.60024572 1570.30959236 1968.86827922 1009.379121 1943.01641723 1702.13585228 1606.20402677 1977.00363926 1973.09992456 1588.84135011 1108.96641886 1605.08029236 1347.09907424 1277.3847813 1273.96714676 1052.89096529 1275.38708476 1751.29639286 1750.37342265 1111.65556059 1048.37490316 1841.56714094 1347.96894765 1211.7106078 1913.846739 1492.21267744 1569.61975282 1801.2421115 1479.40796132 1308.01458952 1064.1843708 1382.82052368 1028.26723693 1356.63131165 1506.46250686 1431.61906667 1575.98594466 1069.60445529 1796.47222622 1053.97508936 1229.59397888
1775.79861727 1216.13638152 1393.69225569 1889.80949867 1195.91709729 1427.75159013 1700.36419447 1139.88561091 1489.7994323 1563.58837201 1582.54773221 1346.81243767 1421.15767771 1233.33925007 1067.40448841 1242.68857037 1690.01894404 1420.46513895 1889.23695562 1702.10932925 1952.16599052 1275.56488447 1939.92550746 1188.83368818 1328.00190004 1344.03975536 1799.23996682 1509.69262923 1349.97506265 1043.9266322 1447.2625001 1376.59713347 1377.42951317 1634.07351177 1876.89828083 1508.74939258 1885.47954801 1096.51738457 1858.84119621 1448.36929448 1671.22996212 1822.80696976 1007.5800933 1423.42721632 1920.0029047 1707.59572767 1969.84579028 1935.33527076 1630.90730764 1191.85551055
1502.83494809 1502.74232468 1378.85623472 1910.44977269 1626.80193541 1167.34143561 1611.30623245 1320.05051509 1513.63307769 1385.33144441 1492.43366277 1877.42674416 1162.10059075 1483.33326897 1998.55159725 1321.90868785 1725.58070642 1608.42090827 1410.67990503 1601.32199289 1314.37153323 1741.80168607 1074.70527361 1528.38856888 1237.21609751 1747.43084543 1617.66660351 1849.87177989 1971.11192957 1799.11628855 1154.74859361 1569.00932974 1254.00554516 1307.90954885 1977.75265759 1861.71512436 1665.96063693 1108.41802721 1618.52345221 1525.62769006 1098.18453187 1254.13929469 1599.09416757 1317.46516534 1753.16849405 1367.24022595 1228.3346225 1998.38290034 1616.87983811 1132.31211995
1891.38718181 1880.80780957 1026.27139878 1376.1963102 1046.39470838 1076.71733352 1157.87146923 1562.69902558 1693.3235053 1499.80714207 1854.00263275 1220.95683592 1333.27514678 1721.78956131 1193.15614764 1552.76097321 1885.48859492 1857.31683437 1787.10299851 1119.1944479 1377.64664282 1184.01509898 1161.47166785 1030.57403197 1427.02221124 1943.31086516 1907.20830492 1794.65229851 1767.21253962 1586.22808603 1914.93433909 1283.18414172 1478.08429698 1203.1081314 1355.5073005 1108.53444541 1373.7408024 1428.36981425 1761.8207344 1851.16323216 1523.99251439 1903.75169056 1314.16754876 1197.81486448 1907.4565382 1331.49973942 1652.82854341 1619.7590965 1983.64554098 1397.47172508
1041.61497982 1005.65445607 1174.52373191 1885.46902882 1002.46954968 1794.34211418 1159.10712991 1884.28429668 1131.89991667 1472.2460056 1915.27929303 1831.27078971 1709.33294022 1928.45259628 1751.6001239 1560.28352143 1732.74741321 1522.70379786 1862.5838799 1004.71827436 1163.42198744 1852.92601474 1238.25164688 1378.82479136 1564.30747639 1839.14840664 1221.33849682 1462.98931121 1867.2449564 1575.4429963 1869.90548932 1274.61044598 1153.28552163 1993.18571427 1423.34381268 1336.57986169 1927.72312801 1210.29185203 1259.67882784 1096.24589253 1060.90173722 1461.34889536 1072.43185949 1719.41891751 1187.74352073 1882.55624158 1291.64665187 1574.71883012 1672.46620429 1387.85491917
1869.00577623 1427.43518857 1570.80104168 1760.37639893 1580.14848415 1254.45607217 1947.84523553 1499.77932576 1096.60238956 1055.60493548 1688.60328557 1772.4341739 1179.46723444 1331.49016363 1929.30983639 1150.70164545 1085.38961915 1249.10490161 1065.85618972 1680.55954818 1426.95381963 1310.80818862 1608.75788125 1582.76915704 1562.34196724 1500.37530657 1774.39419301 1617.05575186 1732.45188059 1129.06184066 1974.85691728 1222.57622082 1721.05842121 1983.31024674 1995.23411337 1009.22643643 1069.6628044 1560.59783248 1607.73593296 1649.7043076 1481.20499273 1235.94685052 1022.91285241 1662.47930453 1427.18385806 1842.42542347 1468.99368853 1235.8592157 1237.71192569 1231.1680194
1539.03943674 1363.79882981 1800.51248957 1017.00987688 1171.46062947 1223.28249813 1133.23362387 1637.61899512 1780.62420589 1501.34570532 1511.80403368 1831.07593795 1207.6097332 1602.38663455 1014.0062189 1615.70682192 1586.36742243 1046.73399171 1720.21840157 1998.30354488 1104.42799574 1546.40637419 1484.55591295 1091.35597185 1375.67545515 1644.0059276 1453.00626299 1136.81915336 1095.46576742 1216.18250122 1771.60935072 1535.88141889 1795.88984469 1766.33945782 1323.8403943 1208.59093582 1887.33224332 1556.35624338 1046.71122012 1814.62416274 1077.46357896 1910.51473394 1492.47631708 1131.46475761 1773.18452105 1995.88336217 1884.24228023 1414.46669874 1073.16555774 1399.80310798
1644.27341854 1131.61661466 1976.21847257 1831.30998565 1600.89094557 1349.85903236 1044.40990413 1475.51128862 1280.15380883 1177.97888275 1897.57464901 1645.88202245 1733.51838219 1285.2618647 1763.65771365 1884.477344 1506.85615003 1672.62787579 1059.06482685 1550.51353556 1989.10440005 1374.16212134 1852.74926696 1929.36855294 1409.57756941 1555.72367215 1865.97249432 1772.69510806 1782.10428013 1171.35473896 1753.00644669 1082.36784477 1367.89143524 1459.79463538 1251.44320447 1883.75570796 1374.96876717 1629.33272292 1818.34404716 1169.93355855 1100.49835943 1041.27391875 1096.255487 1229.15412168 1802.91781595 1778.45478378 1339.82434085 1292.72378331 1794.5070581 1190.40133569
1072.30839518 1474.21647892 1768.19920753 1479.35275489 1833.55486199 1079.0159516 1763.17445028 1738.22302194 1393.40310705 1425.09841787 1335.28956222 1765.70748135 1690.74479828 1182.26550034 1274.03328353 1516.28197786 1448.86228631 1763.36724251 1459.17428054 1421.49366584 1849.01511384 1723.47892868 1839.30324944 1658.86011318 1656.30127553 1266.81059266 1937.730779 1351.68616188 1143.82067818 1332.772052 1088.45056453 1131.26464178 1554.67968876 1332.20179825 1718.40060733 1454.29158482 1073.24307554 1397.9583023 1873.03540161 1142.81498227 1114.97550305 1168.81827962 1665.92865501 1659.1279997 1570.33177268 1532.084034 1012.87723806 1291.8582158 1067.06889372 1785.93683056
1325.05825891 1097.52630449 1922.51207172 1067.25409587 1862.99830381 1360.98257043 1895.51902719 1061.05950324 1686.39877384 1377.78937458 1938.73874447 1918.69017615 1830.86914664 1995.9758862 1571.90939498 1732.20029316 1273.55822163 1355.8706534 1254.07381744 1653.70262634 1426.89806222 1590.0511699 1924.47010379 1206.86890011 1802.76674457 1534.19471546 1586.89807201 1638.82789452 1587.41663783 1879.3428394 1846.29686869 1968.27369964 1432.49433992 1273.65232594 1523.32694395 1779.17491849 1309.65515532 1186.22165202 1509.78135742 1137.3054616 1160.02833023 1836.12740531 1691.52134952 1415.12554002 1364.0821099 1854.10199461 1905.33206903 1723.258782 1700.88248195 1874.63881576
1661.04777073 1197.34505735 1099.73991936 1310.53157305 1109.11896731 1855.55143144 1954.04439274 1123.52132724 1353.95152467 1901.20458488 1426.22798629 1909.51935338 1365.57738801 1560.22641959 1143.98575257 1483.44692916 1287.87827194 1917.625506 1754.66665906 1739.79588477 1437.58658544 1004.57063964 1860.05611311 1435.72965106 1778.39014276 1957.22437725 1466.17170769 1182.97353243 1456.813645 1727.75184757 1411.46433895 1343.89517923 1641.78406817 1278.00011415 1929.01825565 1798.75504217 1583.83199158 1009.97642435 1913.6111568 1548.96971536 1101.50199339 1096.15912955 1273.65654657 1564.08024316 1886.80906776 1493.61678417 1149.82147318 1361.52557739 1908.98031595 1337.08036923
1328.40800592 1749.39783471 1908.80132665 1288.40150128 1170.00444739 1977.08695005 1560.62411379 1358.04872206 1945.48334669 1168.41793083 1506.14739345 1786.62274423 1651.56019239 1028.44086551 1181.63324261 1566.4301955 1214.88454075 1128.2176606 1928.28406583 1672.28107964 1757.73202658 1844.71940162 1363.29255001 1765.07370804 1558.93170281 1255.00008324 1019.47848583 1724.52720329 1066.62820019 1995.96209581 1916.40034363 1521.54140762 1573.39266862 1683.72424388 1021.25567542 1400.41360112 1573.06073188 1251.78706179 1567.39007968 1175.31793099 1566.68072927 1659.57081341 1032.98206368 1103.08888627 1051.84746858 1129.61869763 1555.75635047 1313.83775679 1680.16928031 1717.66740577
1159.81677835 1848.37346527 1513.89924896 1329.81587174 1174.94309997 1315.76545213 1025.48285634 1990.48434858 1161.8568021 1594.82053344 1993.18330316 1393.18997125 1983.66240279 1833.98831984 1612.75388755 1525.65442278 1477.05530312 1747.56363166 1917.16351976 1246.83187685 1727.11594932 1327.32486843 1086.21479614 1854.72597804 1390.85252253 1503.14747042 1445.41433835 1301.40544837 1623.01173207 1086.39864465 1424.54423645 1244.85137609 1629.9944049 1351.26815404 1185.14701441 1110.91176405 1081.86331469 1522.61839962 1603.30217214 1468.7043171 1311.5905189 1729.01717592 1635.37256187 1377.44810228 1728.98139358 1090.92606251 1305.13107846 1435.04367766 1207.99611255 1091.61774615
1557.58913971 1941.43608656 1303.47663216 1091.39081221 1268.24459854 1129.75794781 1658.72308044 1817.23769509 1974.23623546 1164.58892557 1747.36445558 1530.24880091 1272.90341449 1753.55942008 1874.19314119 1080.60310347 1453.27360615 1433.18503731 1337.93399797 1937.93455029 1733.2351488 1980.63519212 1402.92033822 1023.6843679 1989.17898282 1486.73112599 1546.83151787 1125.60429072 1570.0577667 1551.11206016 1443.17897475 1953.64020315 1952.41331906 1676.35224217 1769.9702828 1160.47161892 1535.93027045 1896.90882756 1154.08690721 1208.54165426 1298.59076367 1426.47133766 1500.88189613 1239.13450236 1630.31589801 1172.1285021 1773.67944173 1602.74209469 1378.29823342 1042.50224066
1204.3093703 1368.96953826 1028.51764841 1483.34020954 1720.37556396 1350.28238098 1532.02518666 1746.10470872 1063.40616942 1720.25531977 1045.5281484 1604.56729753 1578.31801785 1229.73902118 1437.92742884 1415.54566261 1243.56632385 1192.09895517 1082.54141919 1586.90690556 1467.08783879 1499.42295971 1242.18184257 1310.11953602 1817.27694865 1669.94716401 1492.41879245 1859.74178061 1079.14877811 1370.0177984 1142.84058342 1383.74722591 1662.90789161 1369.01926776 1460.14358488 1463.02223958 1945.48920733 1225.51097905 1358.43652447 1310.25718194 1278.45228763 1294.25672699 1485.2867348 1419.15250623 1922.54262539 1087.70291697 1553.29499548 1250.99528856 1425.56332891 1581.04831122
1658.62294413 1628.2419403 1166.76474266 1875.33649616 1599.4824477 1365.82843356 1459.28561432 1667.6014218 1676.58905153 1573.09189515 1272.60402639 1508.43827395 1835.22801473 1822.83390328 1086.76931355 1897.70987334 1657.81072703 1064.80555464 1608.66247251 1123.63392085 1633.98999433 1184.29938068 1206.58220067 1557.20228134 1668.18896722 1818.46232173 1783.97931595 1441.47482564 1947.1012212 1748.84702896 1437.76350661 1115.23836997 1221.60178479 1262.5318384 1205.36414692 1185.37409472 1878.32105565 1738.65305459 1474.72552081 1140.42108242 1068.01678019 1981.66602944 1970.29033147 1165.91230129 1067.73980662 1642.36807202 1807.92670105 1132.85306047 1156.70359729 1344.29720482
1176.60455889 1936.69937033 1015.2367135 1675.04143442 1106.4756543 1947.14058042 1750.76049109 1931.02609818 1242.5982152 1820.76485879 1889.04768023 1799.99448171 1834.19298283 1572.96618754 1908.41022342 1480.07627124 1291.84911467 1386.72144424 1199.64206179 1203.80437578 1635.12365153 1847.90958591 1612.03600825 1070.24234409 1924.86355487 1669.42792227 1864.02289366 1422.8277977 1170.31236405 1091.31051662 1547.78456466 1832.96562788 1657.87799646 1519.94057418 1328.02677945 1248.765132 1642.63703659 1697.28024773 1415.94578809 1895.74271383 1832.58465661 1019.39370512 1347.72617614 1425.96591219 1560.55733147 1898.24554584 1473.52782947 1929.17721178 1850.86807082 1298.48593355
1924.66044722 1368.50739741 1315.6940539 1718.8245843 1154.88558807 1140.2559808 1820.06010777 1506.08725447 1872.81572295 1219.78730287 1942.43252236 1831.60878005 1442.32181469 1790.36056437 1424.43748395 1619.91383125 1744.34727105 1622.58170616 1554.17466501 1893.13067786 1392.992352 1906.41517629 1834.33431023 1355.82103978 1899.08044718 1400.22372799 1253.29882283 1776.66810038 1721.83688788 1409.44815479 1945.46375116 1435.09275418 1712.39245581 1576.75394295 1595.21552719 1752.68369527 1433.91410995 1291.99411024 1338.71569055 1208.93649036 1144.09599284 1433.80780746 1414.28173161 1135.86794771 1596.13442153 1918.82708286 1096.64833138 1846.81755849 1800.09609703 1225.03631664
1113.90577162 1100.32864646 1907.11908077 1348.83296184 1967.4643173 1233.64036984 1187.32070083 1522.47278637 1781.58053828 1765.93819587 1316.46614069 1204.03106788 1895.53643517 1750.38447037 1812.76855883 1302.5657542 1850.23759097 1901.12699391 1559.79663672 1949.75698636 1172.04095829 1811.14419636 1584.5954719 1770.18243796 1612.01700863 1515.40551348 1006.8719433 1029.13274502 1304.62049288 1110.62494537 1921.58905787 1452.39715386 1514.36992913 1153.08654759 1560.54403618 1986.15983807 1403.32161039 1667.34601382 1651.44211094 1022.31335253 1877.66568459 1446.63925993 1204.27077319 1815.31994966 1099.9538765 1268.33135631 1044.64024277 1941.52063952 1944.04299429 1353.67444505
1292.47166324 1811.73410356 1096.20251763 1712.08844663 1651.68626652 1811.64841704 1072.96207346 1613.52965905 1957.22881852 1275.3937109 1984.05682333 1019.23288526 1977.32942127 1508.30007555 1289.73361938 1940.72179017 1441.61299357 1643.65185674 1250.67325998 1539.38724834 1817.91753406 1159.84028132 1135.54127118 1374.09783474 1206.70333563 1614.11332538 1850.54926986 1664.72019514 1159.85439761 1586.6004867 1980.85047491 1885.31946869 1434.88734393 1329.82258967 1117.12351092 1335.07799744 1115.08981094 1157.27355811 1242.1298813 1989.7286371 1246.9910062 1998.14730733 1633.29329432 1749.53588848 1399.86175158 1044.24879938 1603.9443537 1789.52717192 1205.31616157 1910.23134414
