Algies/Shelton_A3/testFile5.grd
ncols 547
nrows 547
xllcorner 0.0
yllcorner 0.0
cellsize 10.0
[rows 483 to 505 of 547, columns 100 to 149 of 547]
1702.28647673 1268.35057277 1201.56492002 1985.12493284 1173.14721696 1125.55711692 1243.19940514 1145.58971581 1646.52217843 1091.59762608 1620.69682928 1370.32655726 1483.94814371 1035.89472948 1208.33061126 1551.32942014 1484.94491618 1971.22007878 1008.98761073 1214.07964698 1538.61530638 1693.87018113 1550.59392366 1574.54841433 1341.07461932 1571.67744583 1018.6692777 1903.86919778 1973.30423604 1373.9033875 1727.57609504 1840.03813428 1013.85799776 1904.02392472 1666.66708877 1064.00029993 1185.87959793 1543.70171087 1510.27638441 1529.07802478 1094.16389319 1624.45111066 1237.4766561 1715.88765497 1821.4766887 1426.44870475 1798.70315836 1957.10322849 1884.71658663 1137.50601495
1316.58000757 1579.34837122 1921.92121191 1927.42252542 1510.21026784 1112.07089414 1806.23225607 1317.8721723 1281.60149709 1474.84643486 1741.71077027 1849.67021334 1931.58469902 1984.64000657 1343.19669186 1700.90325127 1764.29823593 1042.52749213 1786.63598757 1582.70338045 1345.99745918 1298.83438785 1359.50744495 1315.05186579 1129.93487787 1515.90731056 1010.08505255 1616.9168842 1042.87105299 1900.70727889 1991.81635734 1573.21792668 1538.47929301 1279.76281278 1286.46277697 1858.98266512 1610.17735746 1652.75403141 1944.66114166 1756.64536508 1965.94740232 1263.86965512 1045.2401241 1776.10547707 1230.1175079 1419.11825278 1877.65344001 1870.55368428 1119.62989576 1734.25342307
1337.60047177 1819.73462509 1970.62639097 1448.46417483 1760.56190782 1506.04716806 1559.95783744 1646.76304376 1836.17817071 1657.71508428 1069.01182822 1765.39642224 1238.74630726 1444.06696261 1512.90150212 1729.17076361 1886.60943008 1677.60353284 1016.95137265 1856.41983237 1758.56231566 1215.97887129 1789.26888081 1084.58042899 1693.25896657 1354.44796869 1497.14477187 1366.74597543 1929.64222303 1695.9025195 1575.14581099 1759.65374516 1666.16605764 1686.4420509 1185.13864257 1618.56055555 1662.80531825 1002.10496783 1384.37103462 1001.11339077 1199.98757595 1628.48924521 1279.5203111 1093.62372603 1587.47319534 1466.46462419 1969.78868796 1650.62921372 1600.24319282 1709.64136586
1448.44041224 1061.19913059 1929.12320084 1599.85067679 1200.22909505 1641.75100002 1062.26424406 1529.92856651 1302.7611222 1978.80862533 1459.51165361 1219.22682398 1559.76787851 1362.11763356 1520.82006765 1155.80459154 1497.7246061 1135.17095656 1358.38027332 1140.19443028 1637.80545309 1761.52886569 1324.73098729 1521.53042598 1127.75229595 1631.25341331 1017.63564789 1283.26550586 1100.19259045 1867.30845338 1837.99083538 1547.82752554 1074.65368893 1101.79010996 1388.7723898 1343.1674982 1851.28498806 1186.40538806 1666.63691163 1881.6992868 1594.12272118 1042.04946958 1641.73065973 1144.99076382 1274.47263005 1410.27158641 1189.65433827 1042.60514982 1232.52521924 1289.60944809
1788.58304225 1799.94578315 1761.59730202 1503.78206726 1981.49301556 1835.4003868 1791.53960766 1203.89901968 1348.72852377 1210.16002331 1614.78436027 1324.63492887 1583.22431882 1463.30014873 1910.04167527 1335.856809 1030.05734189 1577.14073049 1795.35228069 1619.47007357 1242.25354862 1753.04048521 1565.65538996 1677.91854563 1956.50763149 1886.70822396 1035.31451284 1456.09123286 1220.86260487 1785.34650702 1487.91603404 1991.05478609 1261.54583338 1373.54510578 1869.86619774 1585.51044965 1250.78210854 1280.13777204 1003.30773083 1422.91693754 1668.53776042 1430.09698892 1089.28315753 1667.9240412 1875.22726024 1909.97947458 1543.31371665 1258.54089585 1342.45987177 1132.92294102
1145.05809384 1780.36770816 1885.32689377 1349.15796355 1701.28222323 1157.32170718 1103.35326558 1716.35312149 1170.08817666 1973.661623 1296.97771613 1823.32082031 1881.46986593 1205.92341232 1638.40993644 1332.43295293 1006.07669888 1725.78473989 1620.93917561 1737.19705519 1586.04049696 1053.85382566 1694.5985829 1501.65909876 1054.15582879 1110.10111998 1973.03310729 1111.40435647 1745.90324138 1543.2189376 1735.55447535 1294.80588781 1132.23211001 1323.02833016 1919.68781339 1187.02984802 1511.90078573 1308.3067861 1722.27609443 1922.63534775 1345.61702442 1332.65124581 1557.41948402 1560.63604289 1303.35548815 1083.95371222 1204.17973723 1955.80180222 1604.62667134 1243.66913513
1237.06303879 1411.87432441 1721.93624249 1085.46669264 1231.49659911 1630.76920274 1985.5354614 1894.34561002 1607.64738216 1453.68289595 1522.28190041 1643.32020989 1667.05192616 1180.56233985 1966.05043998 1533.59632286 1179.60166462 1846.15532955 1014.26501233 1948.25083942 1863.24555746 1771.00304949 1018.37261841 1258.64938233 1119.82468724 1461.49133869 1196.55404788 1681.39503181 1547.22627631 1907.50952717 1723.12965039 1686.8114061 1116.29599063 1306.43641235 1109.76107171 1759.72827226 1730.95661446 1341.63844723 1059.6729061 1648.96487033 1856.59695476 1865.03157983 1917.14796233 1843.20308436 1423.64986197 1123.86044278 1248.30835917 1330.41231164 1315.87952269 1733.54490059
1586.48018538 1708.3541653 1962.1510381 1350.67170483 1441.24401899 1973.0424133 1027.68529372 1451.04108379 1665.4213872 1803.57836869 1317.55485897 1744.77635149 1574.41816188 1307.91210436 1128.90134733 1933.08099022 1267.48626121 1807.97952731 1607.26455301 1747.12500623 1560.38219267 1180.03928919 1102.82093316 1065.1986208 1634.6516693 1035.53971706 1662.58651293 1180.88157799 1491.58516937 1675.98891911 1028.0283717 1795.76666538 1679.36855624 1115.15276065 1425.63057405 1923.77372563 1820.4039514 1126.4529523 1345.62201654 1403.58551882 1081.77651792 1672.95232153 1842.67474894 1531.94303183 1408.21700904 1528.07792891 1220.82637096 1575.04693256 1770.84487092 1386.49766285
1439.58386009 1468.00299048 1660.72198032 1568.37644885 1311.67229211 1928.89438212 1163.53626812 1345.62549574 1680.54254231 1648.634403 1102.50239805 1885.88714198 1762.54054453 1772.81473537 1042.52800545 1765.92628067 1133.27331692 1665.50998694 1987.96921431 1182.74099705 1294.5217408 1409.52524619 1602.90398859 1971.61767252 1633.05731339 1012.79894291 1402.51249334 1244.1237593 1251.55877772 1407.68325 1558.75848435 1325.07970019 1511.00343345 1459.99478854 1348.05259194 1843.24346489 1664.58847222 1851.06411351 1606.96863987 1923.27818933 1781.35511079 1693.73090899 1322.2161784 1122.40931951 1090.31338473 1932.65487681 1328.63919352 1341.38456221 1815.75825962 1401.71671263
1602.2579834 1908.38111722 1626.89207867 1011.80793358 1963.16464023 1789.40515809 1391.08273026 1621.07179471 1016.49944487 1912.80735234 1821.63712072 1423.63173732 1195.47340856 1573.27133073 1209.5517571 1593.40164266 1587.02815902 1046.84600654 1813.14098664 1684.43640892 1367.46318827 1282.43437295 1856.8849804 1505.43978059 1174.67220668 1146.87481426 1164.37563183 1033.91717175 1311.22746824 1935.61028769 1879.72221851 1596.4333618 1498.4688961 1065.92840223 1058.21904856 1508.66959012 1758.12828915 1242.41291227 1427.77127228 1059.42430267 1033.66821524 1777.33266186 1144.00671315 1192.62449902 1612.53791817 1040.44877494 1894.33560849 1826.46870031 1301.42135453 1806.89591564
1743.63474283 1600.1142561 1539.8462005 1053.98104923 1190.33182883 1949.55852164 1620.27744015 1517.24581371 1139.07609255 1088.61798334 1817.38064642 1678.59087172 1497.84646597 1295.42176868 1312.52248608 1345.11620362 1549.54365511 1693.35362406 1590.57011891 1183.00469582 1274.14936608 1784.68918498 1092.22397469 1373.17998297 1566.8543458 1652.72283424 1341.74180049 1148.37748937 1457.58893654 1000.70648419 1878.51128216 1301.70375461 1683.22841384 1041.23301308 1217.43680067 1318.0535329 1280.90607011 1755.4649905 1029.55183288 1444.11406501 1798.42840628 1023.19700586 1992.46516609 1502.92775584 1162.28842507 1772.84667774 1220.8444715 1819.46425851 1602.55270401 1731.4509393
1410.53215345 1118.1239354 1847.33404443 1827.52952698 1373.87119957 1137.73635411 1713.24497747 1251.33932988 1054.47262719 1857.46214457 1551.52097725 1392.06836676 1722.23570103 1520.09896935 1132.37271174 1636.58327875 1601.48742187 1039.44189264 1825.1881503 1645.97881788 1949.33794251 1374.31167926 1457.8673512 1367.25761123 1029.3806537 1889.18702378 1415.71892626 1176.35641354 1886.61676636 1999.61668357 1345.62359968 1687.51048374 1090.15004973 1523.7677242 1539.58865456 1098.62913601 1977.1300375 1240.02346061 1096.10801019 1781.67262605 1107.4963241 1818.62800995 1409.97183121 1036.72102127 1532.96740699 1903.36091901 1989.57273883 1992.61651601 1634.8728762 1968.93486953
1235.06042149 1749.76733231 1693.77314026 1428.88195933 1148.15756108 1888.07101226 1032.41710271 1737.85663733 1576.50991447 1150.23788638 1928.98030431 1228.6387697 1836.7310611 1421.14803869 1884.05515253 1476.82200187 1781.89087747 1485.91550411 1253.11136387 1088.17749337 1479.23174477 1416.07101507 1567.27981206 1675.54460508 1426.11397889 1450.59483789 1465.78245046 1914.05813272 1005.70821763 1014.74840702 1470.15270001 1330.71534199 1786.06798783 1360.22711729 1968.38583734 1052.30268893 1743.27855841 1347.88154813 1537.43407224 1519.3967366 1524.51605281 1809.36337432 1136.2467197 1507.15792443 1750.4849627 1039.38761248 1967.40903768 1038.68258768 1335.09856913 1732.83186113
1322.29190779 1912.78669495 1971.81150091 1441.73512222 1758.44502243 1770.50766616 1734.54986934 1208.24034769 1033.55824355 1148.34993081 1198.25181832 1626.18404338 1366.68571283 1110.33551881 1506.92792006 1141.78268203 1118.13603652 1934.02702683 1564.08041152 1816.91422094 1097.81778162 1198.59481638 1866.51962844 1035.17320731 1661.59095489 1906.36881956 1815.76713637 1605.32024244 1850.38772276 1181.39473276 1308.49083055 1897.3852522 1486.98311702 1422.64083172 1707.79172263 1187.5279507 1707.00389441 1292.45319307 1181.7651651 1224.57634104 1822.16446831 1480.69823065 1922.50635062 1554.30112029 1347.95856522 1408.9169514 1119.58074113 1260.22037772 1022.62011827 1410.7884304
1756.12573661 1173.91028188 1593.90756924 1861.32794133 1251.66432506 1997.49619241 1434.47234038 1777.40073588 1851.98086798 1847.29656742 1915.35330018 1467.65904529 1803.65303206 1633.85686838 1187.42968971 1899.03588909 1275.61445157 1737.89700161 1397.25085379 1864.34669957 1113.23346745 1569.40424785 1951.36053469 1586.11244065 1786.95596812 1735.22222574 1470.52655802 1351.84979982 1361.81185303 1077.96823916 1011.43790095 1195.57471794 1398.27870368 1531.99558538 1441.00926229 1539.24153433 1167.08606909 1188.25498522 1143.00747568 1838.72845053 1292.27225658 1909.58953677 1036.00361934 1706.23287512 1250.91076877 1803.40138234 1393.35297454 1551.16872958 1258.01304929 1032.16477603
1184.91413502 1696.52749206 1927.85181384 1422.52957143 1952.33217695 1703.23802413 1526.38671945 1554.45773516 1958.2439579 1614.42787492 1715.69873459 1252.11052752 1406.02923473 1387.5668369 1474.94368942 1315.26047572 1781.78506753 1411.53841323 1426.42910897 1405.53861303 1054.3138472 1855.09319746 1683.22154307 1986.85385984 1087.64429648 1260.75023779 1807.76551525 1579.49924471 1452.81565659 1096.66081224 1035.35224628 1866.98027324 1967.73340093 1892.6846754 1730.3634484 1306.03855096 1493.46950146 1202.25489588 1933.85070228 1898.40712712 1800.54245103 1433.91996649 1118.66376032 1849.47118775 1777.93933665 1894.78002597 1190.36759213 1987.05759712 1972.97719189 1400.51161513
1305.46107573 1033.02679992 1787.99441253 1839.52091298 1720.53937131 1947.94864595 1294.36690489 1634.6181923 1249.03105243 1571.43297641 1926.07501272 1207.30076055 1661.72977461 1611.97862523 1324.82985296 1182.26076027 1961.11559855 1319.06454486 1888.26225681 1223.50859792 1681.5499618 1538.80637287 1471.78322658 1035.1014107 1741.72985575 1290.0761882 1740.80555593 1864.4274794 1929.32499518 1159.97804191 1928.43502123 1920.86808119 1947.07257775 1666.61461951 1271.37513559 1942.40378997 1797.04489984 1488.8231265 1635.89584295 1295.73121766 1698.7858286 1614.43939007 1534.44056656 1351.56277567 1486.00292294 1174.77334178 1517.07188444 1318.2270993 1878.2042089 1357.58198053
1909.68242346 1989.09904008 1613.14078411 1894.17636296 1159.52039934 1036.77411561 1281.25289584 1748.98887221 1132.03488736 1275.06754725 1264.67595827 1995.24694487 1483.99353259 1210.96070703 1929.0852366 1518.31542646 1644.42599004 1335.52766777 1872.03506381 1560.79181267 1630.16953905 1590.68799278 1355.01495031 1229.52237356 1347.79354519 1251.22593303 1888.91164621 1573.90979563 1556.70896366 1803.78183798 1068.11168049 1350.32522612 1099.80013751 1605.764751 1544.2809618 1447.94326902 1855.26085171 1768.18690944 1198.36182307 1745.25320031 1662.76444 1438.52616159 1843.92066393 1265.22979912 1248.15214383 1555.65360123 1609.36968174 1365.26194679 1353.46394755 1104.06057208
1050.46161175 1135.97758843 1308.06775276 1296.03065375 1166.90918253 1271.83380726 1416.27064524 1408.58046251 1397.670486 1823.04380501 1496.27613561 1251.29150789 1539.77898402 1163.33099497 1670.11962747 1569.44072379 1353.02755515 1226.02481927 1706.60931806 1047.743852 1226.05697728 1229.7313121 1694.26518344 1259.71444594 1776.44735244 1032.052046 1526.74103184 1878.01943997 1547.02623486 1897.19016777 1990.8814609 1516.85571857 1219.54071718 1614.13614115 1597.7382484 1301.95698559 1514.28238042 1946.67539957 1061.20096187 1630.86361032 1534.67569379 1149.24982061 1217.37619145 1357.91347536 1435.5097819 1035.70141128 1101.30393257 1638.2067932 1088.38168785 1186.56201818
1003.69025718 1827.17583956 1117.45777707 1582.6124632 1365.57235142 1397.98535623 1541.22522287 1113.83249579 1784.5752659 1317.09307307 1620.56209578 1770.25467198 1046.6107813 1950.92970928 1064.59093322 1328.67888609 1352.6132247 1210.55039536 1891.19194546 1710.48291151 1159.6170481 1386.29057666 1400.10274747 1134.69589182 1432.45722473 1984.4039224 1521.61063458 1163.84014051 1654.06783876 1771.97699788 1388.11576635 1537.64320968 1985.30055099 1368.46784706 1158.28485812 1768.15473077 1375.8534543 1390.00961252 1591.64459842 1996.98994139 1456.92056317 1257.3992379 1324.102951 1783.6123817 1902.30630179 1718.35938471 1174.29526897 1289.56333057 1664.81260376 1887.90004665
1719.22960734 1406.29170389 1367.10402427 1030.57549603 1354.83006311 1205.89182622 1414.1027672 1685.97858702 1431.1855662 1261.77051376 1960.96185759 1246.48475621 1632.74347319 1775.75653724 1254.92806099 1363.74639606 1367.38841269 1924.45836613 1272.75818244 1732.1376822 1453.75975719 1754.87512324 1321.03448707 1290.28977871 1359.05923883 1901.30588725 1739.20399851 1964.61881732 1565.46631562 1891.84203753 1483.93149025 1430.01800245 1939.15628458 1733.92099979 1399.29479633 1297.20455517 1332.157441 1255.41926918 1609.09007593 1326.15581641 1335.56983084 1955.05340627 1312.50160103 1563.90965769 1665.08667683 1151.32429396 1835.99684041 1519.34031389 1181.53920406 1111.32517644
1987.57249209 1173.96266236 1843.74793708 1488.33038739 1674.22913029 1162.62529236 1843.4347362 1549.49843266 1302.01680803 1352.2938885 1506.52905295 1118.51910463 1003.13919539 1989.01818376 1988.08215651 1117.11625894 1485.41811782 1789.84118819 1530.49409563 1434.56702171 1962.29484017 1934.26500011 1526.30650159 1464.55189099 1193.3251674 1790.81521756 1490.10975745 1650.645798 1459.05296069 1834.66509036 1795.37678503 1939.51432816 1603.10827219 1645.55641465 1012.03403957 1423.66539901 1797.3274198 1818.54638121 1796.45714465 1231.31736171 1153.08975269 1736.88482682 1616.11078887 1660.25323251 1427.61857626 1226.45802152 1151.56611166 1937.63540958 1135.94435002 1994.73411432
1486.27036334 1475.88764361 1510.41243464 1241.13375739 1896.07318927 1176.99947549 1084.98547384 1734.86701016 1600.96929058 1073.10001984 1263.46325736 1333.80748213 1314.42948766 1702.26620694 1590.47969106 1036.63983459 1497.27745576 1943.30000306 1578.30284763 1426.00566651 1946.63962457 1643.62382249 1138.84211454 1288.36763072 1926.75576766 1428.44756003 1734.14007619 1819.57491696 1128.60458027 1570.20922233 1865.0863209 1163.88516186 1541.08030921 1333.97504451 1342.85817325 1484.55454753 1426.50536412 1967.23621558 1787.58702689 1950.99468917 1398.03327424 1805.69532598 1084.72216464 1993.14570103 1391.26771109 1109.52161449 1687.4343684 1895.35997797 1175.26443226 1303.55261592
