Algies/Shelton_A3/testFile5.grd
ncols 547
nrows 547
xllcorner 0.0
yllcorner 0.0
cellsize 10.0
[rows 437 to 459 of 547, columns 150 to 199 of 547]
1171.01510026 1231.47738815 1929.98815494 1437.32810574 1816.61744646 1167.33652189 1361.46432137 1173.99296015 1576.77539707 1743.04157562 1693.653582 1289.42359373 1851.53070379 1150.31753251 1977.0496113 1983.09715062 1002.81586362 1882.44052092 1283.07797931 1562.49161549 1530.02161351 1073.92763904 1736.74323196 1488.79430875 1276.04833327 1738.66981262 1024.68135809 1828.63742372 1447.14708427 1665.09887064 1017.96734998 1644.67712387 1360.53331569 1224.39200319 1418.952563 1477.96889987 1327.71121457 1406.01743207 1302.2849994 1482.12834079 1350.15841531 1281.13890114 1653.60020639 1760.90632895 1241.1748323 1951.52684563 1714.06105937 1212.01057634 1445.61014867 1174.81659845
1051.87829086 1492.23609361 1874.06093594 1491.63663444 1026.70079816 1249.52027546 1733.1875267 1750.0970915 1119.09386052 1955.10808788 1079.36638211 1673.33227915 1285.03630291 1940.52525567 1375.45184813 1641.66861302 1119.85862138 1420.3931437 1856.25507222 1288.2763217 1198.89789331 1142.79028116 1242.53381797 1313.41109618 1023.68258628 1167.29812935 1872.45444899 1548.63998095 1785.28275207 1549.15159628 1000.87583041 1408.72519018 1246.69786511 1016.7768626 1306.31607276 1784.3896051 1983.50465807 1055.42423881 1597.05761857 1837.52167112 1417.48568317 1822.97795564 1052.13137156 1836.206301 1485.70017638 1920.22615221 1141.10938156 1419.38200294 1867.67029799 1949.30892633
1145.23577338 1189.8529976 1033.70832102 1891.13248585 1030.71233947 1326.57063279 1615.71856556 1224.6014337 1567.77710069 1433.59118131 1915.21400389 1369.64224412 1687.17107887 1469.59016969 1014.26295066 1243.88539731 1369.46095633 1379.88778137 1914.70143357 1833.61089148 1054.35813016 1989.02453933 1268.85133697 1507.77626672 1360.39519887 1597.94917148 1291.21027811 1334.91147871 1035.56704806 1609.95208968 1327.12441318 1633.20272726 1238.63380545 1297.68036907 1358.41873385 1644.72623228 1470.16729606 1959.43179268 1011.27204167 1537.68564982 1642.11346333 1382.02064134 1471.20421208 1311.59615083 1131.56026142 1705.12565129 1081.02935621 1416.76861524 1687.71936329 1482.0825751
1199.52423999 1618.86350445 1320.48387918 1265.82097648 1186.64914393 1343.13966859 1218.94016435 1985.2908778 1540.34707427 1571.57420905 1871.59704494 1886.20128695 1298.67045847 1013.86997485 1994.14284998 1427.66943002 1562.71649961 1482.20489375 1965.49724381 1259.05527595 1882.16274182 1995.4248779 1170.8392646 1748.96683891 1588.29506084 1620.20277212 1340.16944852 1562.56988518 1930.0859241 1936.01690664 1854.38151179 1523.92408961 1242.41326906 1900.74499132 1348.07374874 1257.75921246 1085.49959392 1091.38322368 1512.68016508 1378.48001162 1191.85734533 1476.42100833 1386.57959747 1730.69529524 1990.49481489 1938.30324758 1665.91298771 1603.88472461 1408.218982 1727.12045769
1245.88894162 1667.77729381 1762.64830175 1228.74445508 1034.5273861 1943.92270958 1919.65552566 1015.55692897 1049.72034551 1557.71724817 1782.63612468 1139.29362136 1280.50570008 1958.27986062 1458.05318788 1820.84168667 1654.39682016 1380.81749495 1869.41977114 1824.77921626 1866.59946414 1805.01730162 1789.41084666 1498.02551989 1021.70307871 1806.17557469 1030.9733994 1360.81032495 1534.34185619 1433.10960399 1142.07199897 1659.15806814 1869.35667348 1206.22295366 1435.88579043 1335.31758938 1303.41325041 1497.54238013 1932.42767539 1979.55888719 1779.34075094 1773.75939807 1121.97902977 1878.40270119 1884.9575245 1924.6764636 1624.41320869 1073.07189372 1789.78172406 1756.54939013
1889.13496754 1258.94765044 1181.34835914 1536.23921151 1055.35113861 1540.06183803 1533.8725847 1743.57765397 1662.80617254 1294.15655375 1713.43262169 1865.75879521 1644.20029213 1721.55427866 1029.11004119 1636.44809886 1764.86386246 1678.15591215 1549.98056402 1654.05450224 1183.18797262 1529.17926057 1643.37112796 1034.14643789 1977.77808145 1855.83690495 1864.08186644 1028.59218045 1060.3001476 1382.89606685 1671.55796168 1105.02403314 1299.4920099 1365.97896796 1297.63650765 1919.60316957 1555.17064891 1893.93997782 1403.06235577 1575.79075693 1767.43102098 1508.30414086 1381.53159557 1208.20715397 1817.79421966 1873.99455154 1103.3719264 1179.62341745 1675.2212952 1975.93899321
1592.75340257 1482.80682025 1554.4884737 1921.5166746 1807.33048423 1890.14291483 1502.21133298 1719.71521284 1973.6226928 1683.05122612 1516.76933014 1958.99201937 1105.67126797 1775.27215712 1130.28078938 1191.08197342 1283.07007561 1592.69506893 1291.41504349 1309.35478392 1207.2002015 1417.91901018 1864.6949566 1083.05788357 1384.69629214 1201.35575074 1638.24535197 1012.40460493 1494.07911978 1827.3059597 1272.28409205 1833.64973749 1849.78122171 1609.33156584 1824.51568922 1294.57842891 1558.43456369 1473.1145179 1017.27750922 1399.02387773 1943.35910418 1752.95562969 1798.48239378 1269.87588032 1386.53381458 1958.01270101 1313.60858128 1927.04691708 1096.38815472 1512.55393144
1400.48982442 1880.86217626 1854.57491278 1273.91461873 1901.55760113 1386.08173256 1140.79410035 1334.08083108 1852.98564572 1108.3982569 1349.41062822 1600.97415146 1228.17109362 1745.66006572 1828.52217 1368.77872173 1380.47274744 1163.68964338 1194.98560827 1620.52467982 1528.8574502 1542.17332614 1152.14333807 1853.78088422 1601.75615588 1509.06467386 1394.64248529 1559.64237486 1194.25991598 1632.6568266 1887.12478785 1316.95289843 1275.46018012 1428.66286585 1362.89717563 1980.6794628 1111.08772279 1841.81522124 1767.45388936 1962.65995055 1448.123089 1298.92472829 1310.10324072 1471.62096488 1462.82401683 1045.31081394 1695.42931577 1994.9206597 1954.58617893 1604.09881174
1479.17020751 1624.92823923 1132.87180316 1957.7995831 1895.82955822 1065.11219506 1702.34847026 1272.55089678 1921.26028026 1718.60424226 1660.89227752 1919.34591462 1658.89517553 1217.1086173 1348.09687337 1895.22892302 1562.81590373 1882.42034866 1478.99539101 1311.72043581 1892.91775119 1937.77673107 1459.74246687 1957.30477979 1108.49531834 1338.02535426 1527.63555908 1524.12417687 1753.97405534 1825.45817271 1476.37758489 1229.73027378 1484.95956303 1684.41645081 1102.5369627 1014.45677029 1640.25401323 1511.43754165 1458.7960567 1047.56917591 1044.00565854 1747.04563265 1611.81970307 1492.32623701 1528.7100469 1243.63812684 1920.8680324 1084.09788594 1968.6585607 1620.53408614
1553.30059355 1689.92368894 1923.77559213 1659.26761948 1446.70447771 1666.63255887 1261.09976815 1727.1292812 1516.88057173 1452.07047847 1052.99020052 1360.86286808 1736.75523606 1409.11134901 1293.80820665 1033.53031163 1422.73648555 1947.73119228 1024.08638819 1320.09189827 1528.71164783 1025.00424576 1546.88437665 1803.10192078 1899.20041473 1665.79791474 1843.201828 1507.90542699 1182.8097506 1907.53907132 1506.57560878 1364.47059136 1302.5545068 1025.38850627 1296.46576674 1271.43081384 1411.91735076 1192.49168422 1700.34739561 1877.15801836 1089.21166248 1308.79587293 1331.48438753 1224.4238933 1611.46495212 1781.90324307 1973.77048325 1281.95513578 1067.50750276 1281.57504822
1951.04189623 1894.58357854 1791.21322898 1485.64784403 1578.99366797 1079.71453174 1837.50448 1991.94492465 1457.11889288 1161.75572088 1684.01907143 1910.71286295 1889.94363336 1783.42212562 1316.50172463 1896.97850366 1867.53133807 1785.65257614 1668.59753463 1096.68517645 1258.57420514 1108.40872028 1248.56991685 1217.01686434 1597.54255004 1640.62557134 1050.25384669 1132.16844947 1672.19890169 1138.17464464 1178.60935956 1808.92785157 1372.7457684 1967.18638931 1746.24438512 1557.47403275 1359.22785141 1980.75937923 1855.79231163 1437.39589994 1183.23231601 1220.57717942 1478.76967403 1704.98858673 1730.28278907 1769.98519617 1497.90356476 1627.09712 1247.73464767 1250.13322233
1421.01499058 1265.91522289 1529.73138775 1040.4775765 1345.94584043 1733.58199254 1499.04564664 1841.73031766 1499.22107117 1190.33140235 1807.54079239 1175.21125132 1971.10914459 1730.59398695 1601.14200339 1272.58591934 1004.01062374 1188.81648393 1890.31860924 1541.09274184 1090.33407844 1978.1067812 1371.18541657 1213.1269732 1679.79972392 1476.0668436 1858.85887243 1177.41381348 1552.51639216 1123.88026632 1112.54911965 1686.25534198 1305.76786986 1946.87697757 1075.7483897 1567.94346835 1045.39660671 1097.04275016 1326.15577996 1443.45053591 1538.47178632 1015.80243515 1237.66927484 1493.66224278 1251.34597323 1949.82839312 1189.09686009 1261.39431022 1075.29048603 1784.99261345
1834.51402929 1314.16146253 1378.64732184 1226.9390939 1302.31868128 1273.31844815 1493.73383433 1591.58783866 1171.57359112 1035.45647935 1716.89553293 1228.51819105 1115.81273704 1986.80165438 1944.61184204 1538.47466924 1925.96701169 1904.05102776 1612.52734667 1460.01809568 1665.22698391 1471.21819827 1926.36014356 1431.55429158 1205.63641022 1210.81795642 1211.1717285 1317.2315229 1890.50292973 1487.49702098 1239.53368392 1139.2360137 1929.35804615 1568.18653576 1956.71999725 1944.60409767 1505.17203502 1960.58559403 1314.02295259 1603.9838135 1714.53063892 1648.72620321 1641.7232459 1034.02305815 1715.30396376 1676.55859643 1405.39676543 1100.88667826 1955.98643275 1697.14438194
1720.31516437 1190.07292493 1818.47600531 1527.0986708 1446.21778043 1491.80224475 1353.76500298 1448.45708819 1972.6674685 1949.73163353 1455.47944875 1037.76942197 1235.41396172 1843.19036599 1484.11317067 1151.71509468 1573.22301894 1017.00814764 1483.7356614 1336.39896783 1429.97964592 1293.85431733 1110.85638859 1883.77384182 1962.79082845 1087.77235785 1133.32845024 1083.37152182 1097.20289378 1612.6877232 1777.75301851 1222.9743992 1740.47088512 1129.25603761 1145.9221726 1654.6868714 1457.29895128 1056.61687159 1966.19342567 1057.14551364 1781.82372236 1674.26322365 1283.7789745 1477.48657673 1018.09950837 1939.93623791 1415.28067389 1390.54568719 1197.05738605 1648.78166736
1365.9265495 1168.00171673 1779.44328997 1012.1134635 1928.80755108 1442.01316532 1484.79610017 1448.20205689 1925.1908201 1310.70490272 1877.95778067 1736.78387891 1009.2388558 1308.50217061 1936.43061826 1844.12496202 1826.10463622 1526.08052165 1867.63438939 1701.08861708 1809.13339309 1785.76105087 1311.58642467 1857.66430179 1775.57884422 1648.59489748 1055.08507595 1530.48134068 1641.27840678 1247.07411499 1903.91195325 1853.42155895 1610.02475659 1690.96743735 1576.01399193 1527.19626057 1908.21840427 1463.3910374 1996.53878072 1013.23409402 1963.33240756 1852.24150305 1911.76244495 1597.55477192 1949.05746564 1239.30382477 1993.23423997 1142.71595107 1548.98120599 1055.84554518
1573.90271763 1920.81793052 1155.88443094 1374.18448904 1064.88740078 1815.32418185 1208.17490211 1502.97521088 1685.54187502 1091.24491701 1585.44428251 1566.25172922 1527.90281869 1819.81144903 1908.17270042 1252.14467586 1397.41651901 1340.62218738 1939.24584392 1686.76428728 1519.27380545 1473.67289536 1831.67005041 1421.22744824 1995.73828107 1587.73555486 1814.49721906 1700.0584431 1234.98713479 1010.52899822 1796.14039868 1090.31415329 1533.87414199 1013.92572489 1766.60249343 1655.25835198 1077.90507282 1656.18024149 1549.13534042 1985.73073457 1876.28554695 1926.24489222 1476.65062928 1288.59047429 1348.29594584 1213.11837828 1446.31464732 1279.35852102 1458.82102048 1454.58538039
1326.53356954 1863.05235013 1150.17409155 1699.52522716 1643.80638622 1015.56737772 1300.62530646 1834.93483438 1906.55507294 1074.51331989 1549.57724639 1540.26439291 1310.79881051 1134.32497166 1439.5700178 1706.17309328 1241.80823452 1348.73656228 1259.63561919 1284.71255402 1340.41486778 1351.75889059 1252.74676055 1807.99503749 1184.62030443 1201.28212535 1177.25680366 1740.04167748 1021.24654196 1222.42377687 1546.93169807 1070.62050895 1057.58122238 1308.74433729 1600.93731522 1628.74067887 1755.57269345 1388.09540844 1471.16317087 1355.37724436 1135.80812685 1311.56440706 1146.20478515 1042.83253311 1249.81293072 1580.37277265 1475.33278154 1837.04509889 1742.97456132 1019.2127092
1213.82307179 1442.08857847 1205.7842947 1668.54093542 1823.41244193 1964.82180952 1223.42454238 1767.12788913 1476.6000162 1432.99277545 1747.75110711 1510.67867369 1680.27996403 1846.2522328 1152.92739961 1475.93406394 1135.71632225 1745.1810664 1504.25301292 1637.8721314 1739.65488279 1631.18086287 1094.13706543 1373.91157305 1488.3080867 1322.72915134 1217.21431008 1515.11723113 1019.45859331 1543.34931389 1500.51837306 1419.60358209 1334.37508641 1977.26832613 1541.31643519 1819.57516506 1326.80409787 1481.08020201 1896.88039871 1605.99306342 1747.46846238 1528.08067195 1252.24331525 1256.66809891 1242.30634033 1119.58182226 1041.72007155 1030.22138829 1236.22608632 1891.74566744
1418.4523041 1760.53392857 1684.46440687 1125.66123887 1081.88398084 1955.08910748 1343.56385059 1541.70787742 1633.14399659 1927.48391729 1444.908797 1851.21460956 1249.34476625 1323.10982566 1830.50272345 1261.58919695 1243.60931982 1463.81204814 1894.71603345 1770.10567781 1221.80782428 1914.39041471 1930.63522389 1088.96823144 1540.76584288 1744.41741318 1157.47864174 1220.01238093 1384.0718018 1507.57814577 1980.09090567 1884.55083518 1001.4452061 1969.47461111 1282.21815709 1595.86107804 1141.20762948 1532.7069874 1276.80812511 1412.3089231 1197.42222386 1804.50098176 1811.73128822 1479.58191779 1759.99766653 1424.44586709 1913.94215496 1288.88368784 1473.96196503 1014.44232488
1899.86048196 1657.87434303 1732.16758791 1781.24118354 1015.53653552 1585.58863824 1332.48293991 1413.51520984 1210.94934043 1716.13889635 1054.57592385 1979.81392989 1688.2676751 1700.56721322 1040.35422897 1277.2854706 1649.1965928 1810.76276041 1484.21012859 1256.39805792 1465.95807891 1048.96918578 1695.00995937 1452.96386156 1319.32473567 1556.08873331 1969.72566925 1032.79063954 1018.14929726 1162.02478466 1608.13340308 1932.02842811 1746.43307356 1554.41154324 1509.92973308 1519.5645118 1453.6814455 1039.83622573 1078.05241341 1749.9770526 1301.17523558 1843.15467571 1159.54778289 1376.98227531 1443.7963754 1153.46012147 1681.63950775 1438.4401195 1137.45898178 1652.81141641
1289.41707374 1308.65384432 1148.94574139 1586.33353579 1765.00506342 1096.34985028 1753.12214805 1497.16539031 1308.29760289 1227.48622207 1822.26409313 1652.31783067 1915.8400445 1393.61395371 1943.88695215 1755.556271 1777.33086583 1402.33279605 1613.76831591 1199.41490849 1496.33663047 1127.37595971 1127.19213057 1387.03257062 1640.74720646 1371.17449412 1081.28443572 1453.02644924 1306.74294138 1679.52588603 1398.75802692 1544.59219144 1660.88482635 1840.10274501 1249.54315717 1532.64515098 1218.89640333 1855.27071918 1684.24371227 1576.93805289 1267.72318473 1566.08722428 1950.8321884 1229.04651124 1654.34785655 1527.00811617 1610.91230129 1724.07097187 1370.84940527 1275.4689256
1824.02527498 1446.86059151 1328.30132227 1774.84440967 1689.98002781 1892.28036651 1011.57598645 1127.39051719 1967.63052609 1594.27603685 1506.05737141 1210.61570324 1483.08924881 1695.71964945 1046.25018417 1698.58645178 1799.51753828 1089.00551373 1436.35776508 1910.24002224 1475.54938275 1186.63611433 1893.2547583 1435.95457186 1773.0898983 1405.16809615 1404.77999286 1020.57744234 1646.26940467 1700.5943275 1969.051801 1340.79595354 1837.37041792 1280.73781245 1299.37768547 1781.95668132 1109.62616064 1096.25912858 1610.86385853 1135.77816667 1042.62244889 1717.4760708 1605.37308559 1561.00893089 1440.71070174 1460.87880364 1978.78359928 1986.23096288 1149.78809336 1011.02061924
1324.77707425 1563.03567406 1453.13937033 1206.64255281 1831.93944613 1792.54896011 1938.76901183 1696.72536408 1908.53331603 1531.01692927 1103.77586649 1138.77099957 1089.90214823 1591.78465354 1314.85016326 1389.31988095 1617.44885527 1712.7882379 1211.79257969 1917.39987366 1106.51192168 1674.69887594 1816.34672207 1569.15001973 1838.9790107 1629.90447437 1911.43632266 1190.64123623 1646.63486232 1191.86996769 1340.76517207 1381.59502555 1204.4868554 1490.52441785 1257.30364169 1047.5389744 1818.87761381 1992.19008745 1573.22125527 1900.79267164 1221.25148329 1868.90162046 1742.32642591 1198.91443313 1135.20523304 1643.01628344 1303.73258087 1651.45602245 1325.73219402 1772.29733426
