Algies/Shelton_A3/testFile2.grd
ncols 447
nrows 447
xllcorner 0.0
yllcorner 0.0
cellsize 10.0
[rows 322 to 344 of 447, columns 50 to 99 of 447]
1663.39562413 1588.10854898 1174.97464447 1053.19267199 1606.10438697 1484.06859583 1761.0233603 1520.79901548 1619.05575708 1144.82332401 1618.96822047 1909.90559283 1434.04436326 1569.49622185 1943.64382716 1859.94668668 1957.4143934 1849.10408509 1987.11716214 1263.18994536 1735.65406868 1685.19773125 1417.46064613 1501.1920945 1011.02323586 1735.02489937 1145.5436094 1431.62268335 1061.40686007 1919.17456224 1592.70159201 1392.4271838 1431.81722852 1985.81485554 1115.46348258 1774.70536377 1310.90424612 1935.04063989 1235.78704725 1269.05400715 1452.55110373 1618.94284022 1561.69930188 1224.73658379 1193.70607175 1888.4636725 1852.86828432 1621.11436726 1577.85628033 1555.53323611
1669.83620908 1078.28506652 1971.7699424 1001.01993856 1477.78753825 1771.63206767 1029.69945291 1533.26845659 1940.87831179 1940.32318747 1882.23259943 1823.17041487 1152.65930663 1905.83187836 1828.93344592 1768.97825064 1929.81444006 1382.01737273 1295.80880205 1689.26720795 1887.3983451 1504.0274915 1363.17770876 1577.57175058 1910.25120541 1727.10224267 1873.17111439 1584.45997725 1828.46177809 1995.94452726 1784.35649629 1139.02490102 1049.50618363 1487.58336213 1791.7095775 1582.55085381 1057.79898327 1542.655178 1836.20638791 1845.34127993 1788.44093571 1034.38242149 1515.64121371 1161.25748974 1258.04684878 1258.32876908 1327.14295144 1762.946091 1092.12490601 1609.87693782
1156.65659644 1710.41497324 1526.79059638 1076.72495258 1279.38937144 1371.63230544 1415.2650541 1323.81609566 1186.99905244 1640.09589746 1521.62338864 1005.26282543 1083.53134567 1177.31206659 1983.56684843 1315.0873039 1050.48571376 1055.34389422 1209.34319057 1495.33039651 1731.25151164 1557.04205511 1696.29548965 1736.0187461 1838.00571417 1241.09632802 1682.2797553 1952.9908413 1419.13967904 1403.66284061 1400.21476149 1320.66022161 1273.14144528 1303.93529094 1003.42948067 1795.57243111 1290.11468059 1569.39464289 1723.63756 1477.55064444 1128.91080653 1206.69142889 1863.58783714 1308.81763223 1777.67020393 1126.0988014 1249.36607344 1499.60818631 1818.97916065 1497.05242072
1587.27901712 1693.18040805 1624.66371268 1960.70354346 1601.45359713 1814.53990804 1043.4710608 1332.50895141 1125.87078235 1518.53208079 1199.56582423 1675.6668821 1877.38902541 1951.48018018 1653.26444582 1119.15100431 1006.51467644 1017.7180093 1032.33188456 1316.80236425 1768.63611362 1991.47512016 1081.73863516 1297.61671189 1242.32449239 1728.58050651 1024.06537603 1614.65247962 1162.66126184 1585.28414735 1269.13123151 1025.77149542 1411.5508722 1399.6833463 1972.04813352 1188.00668766 1516.48085891 1758.40500482 1867.26972885 1216.98127654 1577.27317343 1611.74718565 1446.59694616 1814.21619987 1658.18602409 1163.5097579 1371.92903055 1289.58672323 1257.72130261 1327.59466566
1405.69274872 1865.13046142 1940.28973391 1365.07046082 1491.78215936 1433.16737159 1519.70004044 1854.70024597 1597.72792676 1173.85721644 1612.08271792 1528.74944135 1016.87002906 1737.13792433 1998.33769122 1553.04399755 1559.99120934 1182.35155914 1041.39427847 1677.06357042 1092.45044593 1720.53557708 1683.19454946 1667.68446095 1497.68032943 1024.84499765 1861.44505788 1209.03381356 1057.63165136 1230.97561954 1555.17170519 1252.82820514 1586.85282038 1208.72411535 1730.357576 1710.27840285 1281.78851659 1716.66882601 1381.84370985 1923.72734512 1539.81235676 1140.3685104 1095.56469257 1948.46726582 1868.84564251 1367.15691296 1521.61065999 1017.50514687 1071.46794536 1014.43563758
1601.70224829 1292.04501421 1911.799929 1847.54492368 1471.69112971 1044.47191197 1319.07968266 1316.12088351 1385.25039984 1799.37766727 1922.9665033 1538.40825313 1042.23510176 1534.45625077 1983.17846817 1485.21267672 1647.10269015 1127.3680703 1109.37681792 1918.77269438 1438.18923842 1297.12576004 1367.21285717 1406.37962504 1879.6356477 1144.20598641 1767.96471805 1201.95436894 1857.4912445 1720.96552797 1345.88108849 1872.07679875 1165.86290047 1683.76038829 1539.10859104 1602.71469935 1189.91242264 1975.28557019 1575.73403228 1042.29413808 1993.60548109 1176.15617039 1000.32405867 1908.21258462 1421.43841779 1835.75870581 1967.83823335 1617.0246696 1010.44538726 1186.43393294
1819.24577393 1025.39642551 1911.40556592 1186.9287189 1150.58624244 1221.27532 1693.51758303 1029.90164606 1793.80151409 1980.10854834 1390.59042387 1557.48762209 1033.76946801 1955.87141053 1490.17963279 1411.09083722 1901.50649181 1820.10616025 1977.73058699 1037.2704879 1470.965771 1631.76979055 1975.91831893 1376.92996057 1402.98438353 1181.7566412 1225.10031416 1071.43683415 1191.06579863 1232.80377603 1552.52927051 1850.72410417 1858.87695766 1576.71750979 1805.44011838 1704.29147331 1765.1121564 1286.80634789 1775.42969849 1498.09936519 1978.14069783 1254.07807672 1142.10548237 1996.6503235 1029.29251267 1294.68025818 1181.02078331 1593.35892156 1428.3310408 1708.94996208
1271.42753893 1997.95793287 1611.27571435 1953.88620951 1854.26993901 1292.45531233 1390.33340812 1975.89667579 1143.38424569 1202.85290644 1225.95653692 1431.76308935 1516.60003529 1243.432013 1926.25245347 1750.85410698 1443.65884873 1482.99352414 1194.72296824 1987.30660989 1259.49638845 1494.80328693 1226.9323862 1382.70042744 1541.95836364 1083.04153931 1148.9905727 1308.81297706 1905.94720263 1471.41693291 1417.47120158 1567.19724935 1751.04984172 1291.63187821 1436.00673965 1375.56230137 1461.82450787 1556.85852055 1341.30893054 1837.55784398 1679.42244728 1033.67368031 1377.78667198 1718.8998937 1677.50945425 1287.19238032 1976.31210374 1038.60739861 1084.12694061 1530.60072648
1821.21611163 1312.73254369 1210.03021833 1926.15040664 1776.37110705 1650.30416243 1354.29360482 1330.67685158 1313.84713069 1958.73748774 1103.95370806 1488.00269325 1738.9196119 1969.21073978 1555.28689892 1259.85057414 1352.62781061 1292.18177338 1795.76860356 1694.04185292 1386.53089199 1706.39253908 1215.76224643 1989.26866106 1753.73550714 1934.38908115 1080.9888048 1785.97088166 1893.90174156 1271.1842796 1401.83377739 1198.59276274 1339.50678905 1127.40320117 1681.19841772 1784.33012358 1332.99312345 1282.48100436 1117.62077955 1590.02339199 1072.56204308 1609.76843399 1716.35745832 1855.90038797 1308.44350278 1240.82569974 1250.00681156 1132.79528965 1696.97524231 1660.9039523
1145.44090251 1999.55273723 1661.41649154 1713.04119273 1400.17945177 1601.49046511 1555.51088685 1738.15264577 1747.71997299 1836.80917218 1121.51394559 1488.40716991 1140.79099063 1182.35737376 1637.80073744 1464.02142135 1218.28526975 1082.50917841 1965.7592721 1284.15205829 1576.83003176 1467.54380504 1230.67759788 1952.90458563 1589.76391719 1165.2120512 1788.63085026 1011.09209803 1642.83134679 1387.76396626 1841.73171692 1562.46762002 1377.87784108 1077.054256 1363.43033803 1039.24953586 1874.08874071 1302.52335817 1500.96204654 1061.26892776 1791.75279164 1395.41171091 1748.75051635 1445.04792995 1686.62571943 1501.61233219 1768.32779834 1615.22896528 1124.04271959 1152.31469111
1261.67501047 1262.37570906 1883.16064356 1042.71804422 1424.04814825 1675.5976403 1542.55644941 1255.58898537 1344.74409808 1846.21999208 1091.96157555 1395.56821106 1234.33071946 1873.11025313 1707.59813935 1432.67367592 1443.3194817 1944.67467927 1787.17727387 1516.36732311 1821.64578426 1461.25970448 1386.90101652 1740.32505675 1641.38443659 1097.83263506 1438.39185913 1213.88841689 1171.4586035 1550.44257637 1780.79602965 1717.3941947 1240.25465618 1984.75393485 1756.08111368 1753.76996066 1608.34814446 1981.9606287 1016.92382125 1788.07581718 1250.3473277 1121.6077694 1929.65541765 1243.84155223 1439.15991573 1706.66353137 1472.71741821 1690.11511483 1718.10146526 1088.94961484
1529.99492323 1227.99853836 1472.61768766 1255.08158447 1836.12357982 1135.27215291 1642.34613504 1107.79065616 1965.17164238 1331.43435254 1837.91167131 1303.30104465 1860.28020488 1891.14327253 1514.53379222 1336.19008478 1934.11375462 1764.99352834 1373.62428581 1638.1840983 1802.18250223 1331.45844934 1101.85349845 1473.64054243 1001.72509036 1724.99260454 1051.28698253 1558.78753615 1154.10684021 1105.85014881 1028.8849367 1388.64478574 1920.21696443 1089.43207626 1089.37772713 1289.80990848 1923.55841186 1624.8203717 1300.28212435 1738.19955821 1415.41575419 1563.02339913 1878.03955369 1933.24283652 1705.2290331 1693.51056208 1694.1740992 1086.86117639 1411.75257274 1307.75996872
1206.13823156 1783.73774262 1860.25963434 1930.96166561 1301.38704331 1916.83208129 1003.73344579 1110.78578736 1789.12785492 1617.07575246 1864.07252205 1171.26497012 1428.72711434 1434.35474902 1855.4472348 1314.77790655 1458.41536159 1882.96465579 1752.65847995 1640.58290949 1512.36475088 1410.01969043 1088.98161186 1005.01096092 1748.7003828 1930.13537555 1218.83571776 1382.68016576 1559.75482919 1997.56927081 1991.85374323 1259.80157782 1783.96892026 1858.63143014 1199.47887078 1586.54705275 1527.14047007 1659.12315585 1006.35136229 1892.10913508 1484.5281314 1667.85448888 1162.80976264 1724.13057578 1644.59759991 1032.85380971 1636.05695613 1129.07231509 1602.12653171 1813.28688691
1528.86327816 1377.50473931 1416.82727658 1800.41931989 1488.31451285 1631.46004118 1362.46331539 1257.36647719 1538.70526048 1745.38294871 1803.55873363 1902.43874105 1422.4560531 1161.46480687 1368.09932796 1560.65917995 1079.19528761 1691.67946633 1172.70320347 1350.95782932 1550.89878142 1459.42756323 1036.82917512 1699.93766738 1455.9940602 1082.17126078 1494.51270213 1637.04584595 1833.11377163 1542.26234672 1932.5784629 1858.46891189 1160.35137927 1338.17983751 1777.77423295 1918.85303121 1083.8688592 1003.51974158 1123.93318852 1067.26933531 1816.91421624 1695.8564573 1596.02291113 1625.80906199 1478.11983473 1079.10126879 1029.18727177 1021.3798832 1021.90397726 1540.53670612
1368.53169989 1693.2527657 1497.88840165 1131.53368049 1825.01365594 1021.46351493 1849.43158897 1563.1764308 1850.09930133 1193.08562157 1176.99220042 1309.5464343 1977.40618923 1402.86278116 1874.71987229 1994.28916221 1216.79390678 1670.93300698 1212.00705577 1231.40300638 1773.54458549 1441.46385915 1305.60716903 1423.39149142 1248.05601684 1875.96544177 1023.31824034 1838.46967319 1378.10405528 1370.38508434 1039.07393654 1500.51714957 1213.31895333 1712.31197145 1660.45328735 1508.54532564 1130.75558684 1099.5023217 1957.18585723 1861.35461929 1785.78537005 1948.20106155 1512.91053109 1023.46153478 1079.47724829 1175.67908844 1702.68811261 1636.00277252 1906.7716821 1717.24020123
1715.44549721 1837.06706984 1286.30880951 1324.68412864 1830.59957202 1510.50458233 1250.64187634 1712.79040572 1005.6737606 1860.31356155 1825.8704025 1383.05890413 1916.56347109 1813.90635364 1757.71178383 1554.57985191 1664.4585314 1195.29086632 1968.45644855 1769.53741006 1523.98665047 1254.70233704 1390.7554295 1506.72054787 1235.17036227 1287.96580205 1404.15783063 1549.48989781 1818.70308173 1617.96168274 1541.34647344 1080.14930234 1812.21311506 1452.41069107 1069.45399364 1782.21400911 1961.09861559 1667.83483861 1913.86209769 1665.61637788 1812.32519216 1641.29996543 1666.57064416 1138.94773602 1025.26174719 1111.84116837 1710.09452584 1626.75584823 1392.96973829 1436.45842598
1050.94595166 1247.38207219 1597.70238744 1483.26391354 1017.64811537 1542.238323 1252.46536179 1961.49860248 1648.23864313 1153.49281827 1050.6960252 1947.67773477 1328.19723794 1191.08117696 1904.13144129 1144.64616956 1987.40139864 1788.89293204 1226.36620412 1705.0538183 1900.00928973 1906.1174459 1517.15616522 1832.51058646 1497.38295351 1655.59862384 1794.00539846 1982.27419577 1317.51354575 1411.244048 1379.27668793 1067.00521304 1654.50378851 1879.4922362 1611.42594095 1175.21470265 1563.11879511 1495.94724809 1097.12867453 1365.92879981 1007.46578987 1550.58595779 1246.84177118 1895.85095923 1749.40352407 1222.17415502 1257.86647526 1538.88730401 1171.27646172 1891.29086456
1938.39655867 1406.75511793 1457.76545101 1475.16207987 1110.03937919 1282.07626389 1834.54582415 1340.89365025 1270.13707043 1392.09242606 1516.89771082 1556.1620145 1949.97201676 1569.10105908 1903.03892826 1859.86330747 1913.02730037 1123.99065233 1534.4868073 1964.95733877 1803.92655387 1239.68295305 1538.16419887 1240.12318659 1450.82524481 1039.80843447 1073.02013761 1716.76347942 1841.38239928 1964.17809928 1275.8397657 1636.426564 1040.12404786 1597.23643244 1229.27972773 1320.97920722 1912.22794453 1480.23772697 1693.50092772 1373.20625986 1936.60168152 1628.7378397 1996.08136268 1690.22086825 1111.90399435 1884.15945981 1863.62903137 1034.1373378 1785.26238885 1621.63123703
1818.45756187 1654.50078362 1277.50853529 1579.90460103 1316.40569213 1301.63697334 1448.76488427 1234.4393016 1694.67996598 1330.29433118 1414.85740701 1365.60790004 1583.66660112 1069.90799459 1725.1675806 1344.44180663 1281.8049457 1731.44971208 1845.52344504 1855.06752346 1124.913397 1381.4211931 1056.58493122 1992.58395272 1253.95705957 1556.82821601 1997.09828696 1293.95573092 1421.7818118 1756.45884689 1302.00929326 1926.02464922 1383.22895749 1488.36368614 1639.07921189 1662.18618711 1904.24454258 1956.77581029 1384.8035851 1361.70427074 1876.26083427 1137.5772674 1701.00030701 1752.56840674 1329.71990194 1371.31166055 1229.68074291 1311.87646845 1211.04052513 1324.51856765
1713.65071317 1668.29299989 1909.98443912 1986.22630818 1028.16685001 1126.65489767 1690.68572997 1530.17761209 1144.33891894 1416.33760199 1820.38803053 1559.36535368 1271.11328239 1151.08319816 1836.19731399 1636.59667128 1541.71880581 1288.99617513 1628.019657 1518.18384636 1995.39947728 1259.52602008 1669.64393719 1249.16960703 1543.42375075 1829.30142965 1596.0795655 1989.13069916 1674.50890202 1933.68102434 1617.10295228 1303.17204849 1140.95692363 1826.34212453 1642.13546733 1565.94411965 1988.79600098 1234.26844327 1411.02325318 1331.5562958 1007.98145725 1497.28808341 1812.60315934 1220.002937 1506.52902392 1088.29330302 1130.97279391 1796.76839614 1928.18373329 1416.06290358
1249.48233362 1741.52038837 1136.38029522 1744.60804338 1865.9779051 1341.69426017 1292.76959879 1564.69933926 1174.25412738 1053.97013576 1068.28065461 1751.98636707 1707.28476256 1521.50151805 1071.85006964 1348.02022242 1835.96072325 1263.88649076 1058.83663495 1892.21524818 1702.23097215 1425.6852588 1156.83995998 1691.09644767 1348.40477002 1384.12437151 1773.9254225 1894.05262164 1203.71268542 1587.68956796 1834.03267369 1102.75605951 1108.63462319 1433.03470313 1585.62285924 1372.33647452 1568.4756799 1430.88411374 1246.80369364 1323.2398934 1297.75193241 1695.55542076 1481.76366548 1710.75861477 1763.78462888 1697.5663729 1322.33586283 1934.07782598 1021.33232839 1121.87131395
1665.77793097 1114.58721736 1696.01185256 1598.91333421 1269.35207122 1071.64110097 1516.17262221 1950.83357007 1860.23915256 1810.04462053 1473.62742778 1761.72607626 1983.73986807 1896.81864741 1856.74250372 1367.43390354 1672.11020408 1367.99646585 1601.98377487 1703.85674103 1689.18804394 1109.39033321 1710.80105198 1427.99681678 1588.03358527 1151.34694025 1588.50879486 1449.04185703 1069.76950043 1408.09572077 1862.48789519 1876.88335788 1574.73410822 1539.83694157 1475.67686071 1860.541663 1276.35877113 1562.14420676 1548.47639785 1357.36196885 1952.86413727 1069.9176893 1858.12803484 1939.70626423 1888.46340753 1121.41616973 1600.70128453 1745.33767128 1238.41731444 1067.26116071
1728.06080354 1059.41109735 1429.52473241 1705.65290411 1998.78760267 1123.77432072 1742.12717799 1232.12855807 1636.19518346 1019.06159507 1062.19901442 1807.15494598 1449.97418109 1347.6776628 1791.86929513 1794.03983748 1533.80355169 1026.52315198 1176.30792804 1951.75439587 1859.5581786 1951.90624081 1736.69813809 1485.21698571 1684.57184849 1433.2701886 1443.90114487 1231.41951939 1434.00697399 1502.37912522 1548.09104571 1323.44475403 1987.05367502 1340.4398783 1965.47282758 1138.84158851 1942.92319961 1530.07463067 1723.17216364 1768.58928342 1598.50741069 1244.42842048 1210.49936094 1599.27189126 1158.74264253 1963.66469524 1189.1772334 1491.30771281 1224.14863196 1665.11772656
