Algies/Shelton_A3/testFile0.grd
ncols 316
nrows 316
xllcorner 0.0
yllcorner 0.0
cellsize 10.0
[rows 253 to 275 of 316, columns 0 to 49 of 316]
1725.82275774 1002.19415818 1847.76200142 1215.35682861 1878.97410591 1174.06813157 1146.94791487 1423.53209824 1486.21899372 1311.52643077 1625.83493803 1614.88864587 1329.65122145 1632.57718476 1806.56191482 1901.69133641 1673.78537819 1138.22256586 1407.56020811 1885.28050079 1613.6542377 1634.45820483 1198.41516458 1992.54442294 1003.74040898 1241.33101314 1891.36354592 1017.40835 1327.71730327 1901.9948541 1123.12102354 1139.61547218 1944.29561768 1765.27604938 1377.28105072 1182.9731823 1462.25059682 1809.46059249 1589.09393521 1164.13443339 1817.22262445 1279.11721972 1930.05217185 1415.08965594 1179.07449944 1095.86079433 1641.46979248 1661.32454578 1935.39816824 1481.35402206
1934.83033434 1903.33652724 1906.15262275 1732.33675667 1995.398734 1958.91709888 1440.24898032 1742.5783009 1402.51481112 1493.00790915 1300.51387861 1458.18349122 1647.95151805 1399.61148615 1951.33347099 1046.34809783 1567.43184773 1647.82552838 1652.27603807 1249.10618877 1870.75248775 1018.44366548 1547.57162921 1552.68508662 1276.28449272 1506.00920006 1731.65010891 1355.94046762 1822.43618375 1028.09653724 1776.29742212 1489.8551571 1081.06390544 1397.48726456 1964.12390924 1104.35927024 1671.9235584 1430.41073548 1992.27833303 1136.91242129 1331.42523789 1038.09520805 1493.94638305 1678.91166479 1612.28321494 1212.50054138 1116.29943306 1127.12266205 1688.00844055 1026.15702438
1346.34240629 1876.87423782 1578.08920764 1294.54629387 1477.00820409 1025.92817813 1870.29158805 1328.59021013 1196.30336721 1434.39914507 1895.63254887 1117.3293187 1574.27415651 1302.05749774 1869.47221549 1370.5424329 1432.89773255 1667.19791949 1612.79694693 1077.67293588 1059.75885348 1184.85456228 1774.24255223 1526.37628792 1038.62701263 1232.14131546 1193.32232884 1404.50684264 1434.21735355 1042.9155933 1722.14032604 1981.81526503 1732.10634546 1782.23190423 1211.98926284 1470.70047573 1317.21733641 1037.34822255 1590.48692822 1539.39596814 1144.55773241 1099.73344141 1322.40953471 1718.63063159 1687.36548133 1599.5259543 1357.69016538 1999.52974067 1905.01718813 1593.61431933
1506.60606731 1493.63401567 1249.16947746 1350.46606919 1073.16825775 1295.78876046 1371.13422148 1710.91151808 1276.0179949 1174.80673976 1644.24712129 1201.91062227 1281.36928581 1543.36958697 1374.83795549 1579.11900181 1929.26764966 1899.70781003 1702.89572178 1759.38371262 1324.09117826 1095.73214329 1660.30077731 1111.40332481 1765.34989812 1059.97494252 1171.38852488 1984.43814302 1114.17016777 1763.56512088 1312.71068871 1899.20091428 1057.11042977 1271.8124902 1831.17877737 1808.57692194 1818.15847598 1557.17673551 1410.80732659 1537.15114297 1399.28209148 1898.35921924 1466.21013822 1143.88832266 1549.96310432 1814.86914911 1330.49990926 1403.93462617 1521.64256426 1983.84629258
1549.06489954 1232.3474181 1118.41121557 1023.76962969 1157.76814433 1045.44098785 1235.52584958 1973.46349229 1360.6985691 1919.40601243 1846.46923527 1888.79787487 1242.61607743 1990.2314325 1081.42240629 1592.31528308 1022.91560593 1812.43630179 1628.15780649 1196.08674053 1258.39940844 1872.51782867 1433.29154727 1594.98473304 1736.69242803 1875.02828983 1671.18191755 1883.06903489 1990.12305812 1654.85045693 1610.24798452 1340.36296884 1410.48821304 1691.29867919 1883.06343781 1943.83118061 1824.80986513 1766.42194256 1374.18066435 1679.12891649 1365.72031203 1962.26369816 1688.07152315 1809.44963199 1148.69288242 1798.27656454 1878.5923081 1719.43180983 1571.72548979 1346.59258252
1387.00694568 1322.52836199 1318.1889804 1085.46203526 1453.88290325 1851.47649354 1335.88655485 1673.39584932 1154.20505054 1243.25131532 1893.15987386 1114.13776765 1266.35524768 1781.08772899 1676.00961643 1931.96539586 1998.05011349 1234.91500503 1482.35390321 1955.65354784 1787.1717272 1368.88011244 1165.91210063 1188.92447158 1052.65788769 1679.1923525 1994.85481709 1680.07957993 1996.51948211 1435.02513257 1141.76481524 1279.3676195 1780.96910972 1720.50100844 1236.5316452 1696.34603131 1871.56721673 1470.82780124 1620.46729412 1374.50456319 1638.4801381 1330.45729641 1907.70831148 1033.43106034 1674.7975855 1456.04692151 1086.01490749 1007.54778019 1178.5493721 1066.0413315
1592.25146174 1879.15239917 1189.10969283 1310.90957155 1459.68068566 1961.72134412 1864.73234458 1397.82070373 1230.44554119 1787.06036933 1909.47050512 1737.46100491 1389.54876891 1456.52314267 1889.64033374 1451.11241344 1786.52685471 1827.48355586 1228.73391511 1066.14047275 1901.45357596 1357.71750755 1403.28844057 1029.53015179 1014.39544752 1424.62291216 1071.82187284 1724.6748264 1636.08466189 1797.15549006 1013.18382724 1748.9107654 1105.03134493 1058.84905738 1610.69658486 1098.38310327 1678.86067569 1955.95237174 1570.28542228 1260.28040763 1158.34576125 1972.45839008 1456.39657545 1801.9957208 1439.75848492 1621.78411925 1262.97033561 1441.46366095 1682.13091234 1333.03939283
1040.99637122 1765.47461663 1953.30477464 1153.36270547 1433.57090583 1684.52129346 1941.1516527 1956.32708729 1299.79161705 1189.1642231 1112.44827489 1144.89926851 1599.11232981 1471.74420177 1989.40792724 1732.17480284 1800.73645197 1547.60587273 1443.46219773 1378.3336574 1594.61265947 1488.08525783 1302.9573886 1185.09919559 1454.08685979 1314.49819695 1890.21915447 1211.93365951 1430.6824039 1650.70011566 1074.29896321 1143.82380282 1278.30810305 1089.14096554 1199.72309626 1242.09992168 1463.56540121 1980.99808821 1985.52289929 1789.1140593 1524.86756158 1532.94304497 1074.64077876 1662.67878963 1232.14325682 1125.86007583 1745.27115242 1014.60895016 1377.87394574 1552.23919483
1179.57437514 1361.75225373 1254.62195462 1502.60628658 1605.11117765 1492.05537834 1510.00305182 1688.33513912 1325.3273495 1929.6967421 1275.6020891 1990.59669419 1463.11079128 1150.45351972 1802.94746032 1121.21187132 1134.4334355 1133.03098705 1968.58083536 1121.73452551 1532.04978027 1757.62109513 1500.93218108 1943.75848276 1022.41814743 1275.37325948 1583.53027584 1878.80640707 1119.97640439 1334.61984917 1426.77795988 1563.84139642 1053.90629695 1695.51675672 1186.17841448 1095.36434304 1946.65781091 1160.76950962 1432.69639784 1810.35256326 1956.83677354 1919.56850489 1001.06146809 1039.84248362 1707.82938051 1257.83618436 1665.64096142 1852.76892248 1475.29250028 1416.99647425
1644.18179136 1738.58088227 1215.65838203 1386.01844274 1075.25558939 1872.15055409 1501.59849998 1218.44884445 1993.5362045 1612.65798421 1494.00576624 1407.15195752 1107.10984108 1148.80882175 1729.11905896 1730.21254582 1340.66540982 1116.79585155 1951.88064763 1285.39366688 1497.67664629 1351.2780382 1793.46199862 1716.37165166 1267.68281824 1356.98242572 1601.24418055 1881.44568052 1168.37806721 1879.80871801 1200.82336623 1586.52660855 1192.24285907 1015.64948068 1663.01471591 1856.12135076 1220.90965568 1261.22104558 1714.52879649 1842.11678904 1883.69939547 1709.61475319 1662.92498593 1336.59190892 1980.40755624 1939.17323397 1139.88749325 1720.47496807 1391.98316519 1963.93850614
1875.72531071 1970.80925763 1952.78159458 1244.43877278 1622.65691755 1195.75994804 1986.89507985 1198.69422567 1846.99759914 1773.38906155 1101.34841503 1143.59859094 1648.3962994 1785.46360709 1939.28227258 1881.68582738 1770.0708962 1876.61161969 1624.90964544 1565.42633387 1419.20290751 1567.61688822 1579.23599711 1015.16316871 1406.15451214 1433.26191984 1580.69222705 1285.30991194 1666.75877552 1032.29156515 1840.61982867 1348.25239048 1753.82949666 1258.94118561 1814.74440513 1496.48243815 1109.73248993 1446.12387795 1405.46711512 1271.93494818 1733.35432475 1919.67808744 1394.70583391 1551.55776178 1412.07891217 1639.38997365 1410.6511491 1972.45809567 1540.41728033 1862.82999394
1788.24453213 1785.77501392 1266.67245023 1816.14166289 1465.81384614 1051.80852412 1792.69716441 1880.07922235 1458.8250742 1763.03621934 1568.23827801 1242.47581608 1440.0464385 1815.10940552 1595.21855867 1607.86386777 1286.35744514 1162.47821494 1049.65713735 1664.07576838 1364.74293836 1684.75021452 1392.08974217 1004.76369493 1358.1020234 1646.01682794 1054.01443931 1121.33353204 1090.47037116 1140.11462018 1638.89641942 1029.25124771 1305.74169273 1957.963892 1423.48233851 1683.51029991 1377.96498234 1809.93512762 1622.76735068 1186.12135212 1491.72981114 1951.01807344 1325.91470929 1620.63103556 1006.27172839 1431.67209045 1039.3882279 1593.2268396 1623.28845976 1482.00156936
1795.56316863 1786.35519464 1071.70269485 1749.72681991 1805.45220323 1264.46203068 1917.63136546 1627.77523572 1329.04151473 1926.047429 1159.33197949 1210.24165953 1684.06560729 1555.26652151 1771.09622344 1661.56278793 1860.74231166 1052.77607862 1566.12076556 1730.68124579 1951.70945387 1092.03098672 1690.19408109 1870.10703039 1070.11738681 1213.16262862 1657.01051384 1271.55443072 1150.30833559 1576.5502402 1561.89338298 1418.77353336 1750.70314362 1199.82409651 1499.48147761 1382.93567577 1954.02804069 1431.78284971 1211.94460695 1177.97923047 1153.87983015 1428.3637138 1345.14914406 1117.14078797 1135.57095341 1840.88303942 1999.05991152 1237.49308832 1292.82932824 1933.81420704
1540.64125844 1978.30774468 1836.64114791 1083.35415576 1646.50190285 1547.97652908 1206.32919903 1030.61748547 1008.10868094 1681.14193441 1846.83810458 1100.28384892 1869.42169462 1519.15283495 1298.15627881 1415.38211966 1118.23815383 1854.3410111 1955.60031991 1055.56002226 1246.62664713 1486.76050682 1487.38618441 1014.579361 1276.38442191 1573.39366879 1836.5450728 1042.2147596 1624.07708316 1102.22180687 1266.10575045 1638.44522481 1849.87618856 1829.41840887 1584.574229 1477.4064939 1188.44460184 1040.22470122 1599.82426944 1926.67474045 1513.33729097 1381.99472236 1742.32791412 1663.86786735 1229.78616072 1331.98577846 1911.20398739 1357.49244784 1496.5042431 1204.30161189
1143.28186036 1617.36543568 1581.40542417 1972.28066127 1749.56044047 1366.54162976 1797.69032127 1382.11055613 1080.71420065 1408.45283065 1696.26335966 1016.576561 1423.64932706 1875.31901464 1514.53896875 1193.00295498 1125.60340156 1838.39793456 1658.64133085 1389.38887631 1892.84399543 1410.14466938 1117.52184696 1981.59181357 1220.38204836 1930.04207965 1253.60940499 1474.14008894 1422.71338728 1326.55343844 1107.87294563 1684.43853394 1469.89402195 1634.86806008 1447.36631772 1464.58123877 1452.56731799 1410.58515625 1524.95017701 1430.33261664 1102.08035125 1088.74490644 1399.19526068 1409.29093764 1848.78499206 1210.77786206 1114.86601372 1896.05273067 1841.89368072 1300.18217741
1764.85152318 1885.23076411 1995.14045455 1108.32572784 1020.90969799 1420.09592915 1375.30244091 1277.04798087 1591.93625278 1360.33757732 1666.0641518 1085.84117463 1508.32236317 1844.99902786 1008.59953087 1579.44918709 1963.57711329 1325.89780436 1851.28588945 1604.3295397 1080.57372436 1328.16797801 1634.56131095 1342.20147526 1080.30592947 1970.88120607 1378.76526109 1099.16021626 1030.96549104 1029.77700559 1047.8732964 1445.07134026 1670.36131616 1056.51988066 1424.46652485 1241.72779138 1872.05851408 1189.96911285 1009.18805224 1621.84364681 1327.39111897 1067.67747692 1821.82883328 1862.64331423 1608.40126491 1597.76031642 1350.44207336 1484.94148974 1157.72636702 1021.0557057
1859.19842247 1107.94163837 1381.75411691 1205.49618545 1179.46325318 1793.05530471 1628.36572348 1463.64873403 1485.3588201 1114.52825834 1571.47521565 1074.98098327 1108.15260026 1042.67231393 1978.58725735 1416.16984212 1188.96010157 1267.55288385 1593.40374051 1861.79283635 1728.33734478 1946.14410696 1660.89807942 1669.70909428 1251.85458207 1252.44553919 1674.79890839 1507.27096935 1460.42129626 1083.33245057 1926.33767351 1621.94760963 1296.70444343 1844.66162309 1997.96534377 1871.14123283 1022.71990812 1610.38038754 1033.08101074 1318.58254473 1930.35711031 1094.31357949 1448.00185451 1202.88089024 1209.38121934 1615.83218992 1401.69888177 1855.80786916 1985.6271281 1196.51963121
1674.9868815 1191.20598788 1758.99878275 1714.78070582 1919.75232028 1890.47871756 1871.67666782 1156.87160303 1610.82370216 1198.28975754 1606.81593991 1650.2889344 1497.44554493 1333.55696521 1239.33205311 1125.70141326 1933.35419234 1191.81137709 1370.84097657 1043.99767699 1642.84413054 1979.82088018 1073.42291346 1063.26153744 1672.75381081 1888.01859392 1714.66242439 1583.01295183 1254.34681637 1064.49274874 1735.75935456 1886.5913649 1254.57886687 1968.87526839 1456.50253969 1846.71719634 1269.72684154 1789.17244188 1129.69374149 1633.39885708 1572.30885822 1123.36468828 1973.08162758 1600.12820582 1284.99976481 1465.03131109 1050.90844512 1133.77996985 1801.43282242 1199.47644803
1848.9747813 1345.40891553 1977.70129565 1665.8820184 1090.96558726 1462.92292906 1898.92197713 1432.15658582 1422.14727733 1050.14436769 1239.98388556 1369.25157672 1153.99962134 1592.87429541 1693.93180507 1633.10939926 1970.55968771 1903.82712018 1208.61895298 1104.02548772 1597.71108404 1184.24480369 1787.21932401 1306.73673642 1546.4360436 1543.88697137 1308.69035637 1178.74727821 1978.67210294 1386.89217 1734.25265786 1593.58100138 1959.15129507 1816.71740456 1386.17473731 1608.29662505 1020.99811026 1540.21155434 1452.56742036 1282.42761193 1354.02215688 1224.15800373 1597.96585164 1698.60742609 1667.62466884 1939.11137246 1638.42945508 1005.62776007 1760.59736583 1670.28158112
1079.34364122 1513.36337271 1322.7780971 1408.91380404 1767.11495541 1962.43084655 1607.20078455 1134.03254649 1283.17541735 1443.73927869 1833.41613448 1099.16439185 1865.79787689 1239.57471977 1368.37870046 1698.12665402 1749.58140834 1306.82122274 1253.75324785 1836.08112261 1717.42489387 1297.73706962 1089.2953341 1851.06023405 1587.35759782 1624.07429845 1284.29920774 1682.92178371 1917.40772677 1327.11433574 1715.04616117 1485.48565223 1425.15525846 1098.32174714 1266.34891954 1248.82679251 1879.41112019 1295.92039124 1149.34918706 1617.54679786 1419.3387419 1739.97104063 1146.29708268 1008.10835089 1579.57901888 1303.82720291 1353.69556491 1449.62869003 1964.60563715 1090.09044039
1463.34177483 1146.02719944 1253.9653952 1785.21278487 1651.73160632 1990.12178745 1602.28165014 1568.45176469 1210.61548088 1384.07218061 1476.70237643 1267.96081784 1988.41896948 1478.92482398 1247.91719447 1878.39817597 1371.33849055 1707.75690363 1493.72389232 1815.6176055 1592.60408362 1427.88294717 1286.34784527 1053.18249538 1057.51149111 1243.94541041 1531.6100581 1908.96000411 1095.56228843 1168.44430354 1858.14285937 1626.75773977 1338.48509736 1206.65933404 1251.40563013 1107.83066235 1134.52969087 1762.92795731 1063.59097681 1238.91988847 1401.18779955 1473.97670717 1951.17373882 1282.18878178 1267.31789458 1276.80137149 1978.0688611 1198.31218937 1850.2965168 1454.79787703
1596.44832467 1415.25146879 1395.88777713 1218.95690861 1850.31183673 1504.37104843 1284.55885532 1556.46471505 1056.74813696 1407.29483603 1934.79068502 1880.88306924 1135.0130494 1485.2827215 1894.71064379 1830.13232008 1043.29055704 1095.72233613 1266.5697811 1651.22524461 1677.23872841 1531.21573883 1665.45337587 1468.97977566 1134.60597037 1501.50715383 1350.1761129 1045.35526981 1604.42361539 1146.5722367 1995.00821199 1907.82892858 1144.30286483 1972.07857482 1919.50717538 1574.19302083 1876.97107435 1737.26828637 1309.34946349 1280.1685841 1317.07069111 1119.94160604 1109.85537656 1341.9535656 1506.75768685 1305.8553816 1015.27237314 1407.03231398 1981.27817223 1435.58676716
1797.02393417 1344.15151919 1383.99371013 1260.80628773 1778.21449361 1503.84626111 1044.39985394 1711.22669007 1669.98142347 1245.84537901 1697.39040853 1996.79699307 1593.98554767 1021.29363814 1007.73778832 1492.43002577 1877.61085864 1173.28098703 1242.74209475 1912.90508154 1600.8056772 1205.10707911 1063.44670757 1795.29246487 1628.73085334 1464.94570978 1870.29090249 1287.52155365 1134.95754346 1764.21762385 1183.11013609 1751.43519419 1849.76279298 1938.76226795 1322.94571734 1508.63405161 1981.33373485 1737.33262797 1863.36834033 1136.71330416 1206.63598352 1971.04242623 1722.92884951 1693.16431392 1247.50204072 1279.7573281 1980.2326214 1487.51038094 1148.93245399 1123.50480036
