Algies/Shelton_A3/testFile1.grd
ncols 316
nrows 316
xllcorner 0.0
yllcorner 0.0
cellsize 10.0
[rows 230 to 252 of 316, columns 200 to 249 of 316]
1444.90412526 1873.51692497 1115.48629734 1931.79160351 1586.84180827 1992.24834708 1010.23214173 1374.93052462 1635.39531392 1752.23310238 1899.575899 1029.88756438 1881.59959981 1010.43074337 1078.54921115 1962.66227723 1037.07753582 1412.30946631 1618.2059852 1306.12641492 1142.6864834 1915.01018087 1001.66072463 1016.98102334 1923.1064052 1658.83055628 1083.30488026 1033.41194373 1471.86495757 1619.70020658 1515.38852399 1815.26180727 1334.0566551 1988.3436116 1334.0132927 1916.84747542 1695.53298576 1616.24063755 1263.83393442 1408.14846922 1437.98348174 1774.27766556 1279.93606211 1541.25121042 1885.4159578 1036.1252689 1953.97202828 1287.27951569 1553.33777811 1982.77780474
1199.41653872 1339.78522805 1123.01002031 1779.46678387 1723.17172553 1289.02241195 1205.47786578 1820.0190244 1051.63018353 1885.57254588 1582.16856321 1592.60871739 1063.10418906 1073.24745627 1687.59840199 1219.89134954 1094.5977268 1597.94435129 1334.14249934 1123.73024164 1430.8199478 1200.24117915 1663.59121255 1903.00939852 1612.30625196 1568.51501079 1517.66188467 1622.39432203 1271.33306416 1746.17934769 1321.48067089 1596.90516658 1788.44462033 1264.79748827 1817.08190302 1600.50999321 1301.22609618 1327.05844119 1923.03160405 1120.66997767 1247.63264951 1593.60428513 1114.57184024 1345.90245631 1239.17060092 1481.23108626 1839.18991541 1827.06091974 1645.3374987 1897.53309532
1334.16904612 1998.38804472 1886.58671412 1077.88343202 1587.65467982 1551.57393257 1124.51890689 1331.45115086 1680.18389648 1511.73564181 1995.45664099 1899.64166102 1242.84700337 1697.04929095 1354.10926434 1648.65535844 1815.85249742 1571.38425324 1276.19915634 1989.66620721 1790.57389411 1778.14080852 1968.63327413 1154.20276202 1940.87726112 1179.91492474 1284.11861244 1171.21209592 1804.16194921 1529.13331248 1369.82243436 1878.63706928 1658.61814616 1551.70702531 1733.58663448 1315.79041935 1242.42273613 1228.52881175 1152.04578829 1667.4715117 1628.55882035 1333.74415377 1179.62624935 1009.46537374 1436.07302773 1046.61020318 1022.54554555 1135.5069014 1839.39678618 1511.8488047
1142.91612759 1597.94262061 1817.88048442 1158.18698834 1512.64831279 1879.28423589 1023.72355516 1904.71004912 1455.54378446 1561.86227985 1318.01137378 1087.01095107 1941.49819898 1141.14318568 1484.14628048 1201.87548442 1071.02519235 1067.22032058 1522.32240052 1966.57416842 1237.89360745 1687.7541099 1305.59197096 1062.61694447 1709.18812334 1925.95515716 1431.88223183 1046.90417547 1393.11608162 1932.18771839 1121.12064975 1568.98540043 1990.97211952 1015.77105109 1818.31207161 1081.49267849 1609.48733924 1615.45643305 1235.89738562 1543.23600396 1578.27812305 1358.48551701 1344.107622 1577.07253247 1923.22393239 1824.36048297 1741.8254136 1455.98988479 1517.80256735 1448.46545849
1074.62367795 1373.77022762 1678.23568785 1793.69469045 1468.22394867 1303.19583696 1946.10156531 1584.26793609 1395.38062145 1140.70043309 1441.00450909 1279.88322106 1461.19837943 1030.05162266 1739.85620835 1738.39915191 1773.95291616 1962.24626584 1449.55173812 1080.11634215 1984.03434376 1191.9992354 1176.12737434 1723.74417523 1385.42327268 1218.85178513 1273.69028579 1667.28050184 1602.16677761 1812.32903993 1949.88379405 1976.99251049 1697.49845672 1978.65122805 1934.83727783 1892.64648742 1263.04531726 1652.59053933 1088.44099809 1245.12759883 1578.36678188 1953.73142 1174.28867923 1247.74988117 1425.48095153 1062.20956896 1772.93734798 1837.21600103 1612.41082755 1224.99759293
1643.66027096 1911.88869117 1675.41047672 1626.5607636 1320.55724769 1775.53080185 1964.68060814 1985.50470142 1589.99758182 1651.79889823 1971.28346931 1193.09612688 1178.21089519 1165.98659559 1391.94841614 1704.49503735 1654.15558724 1861.66679563 1421.40451047 1576.74773031 1124.92426798 1883.29828093 1909.78212297 1552.61905072 1356.29723873 1582.57685165 1060.60977057 1123.78922156 1543.83235801 1577.55234365 1819.02376794 1443.93777609 1425.01225985 1779.74774686 1940.14033887 1795.05770316 1685.8639576 1295.26875088 1397.3643265 1758.49110562 1413.88761231 1907.30181591 1105.01109705 1992.04254774 1744.96352111 1437.98335697 1016.25914625 1646.95720777 1918.38970998 1268.98306055
1357.30563548 1904.6025446 1904.88670979 1830.33445819 1782.85294217 1092.79697459 1979.54454975 1123.2726055 1572.19192757 1683.34717989 1771.09331309 1207.29388674 1579.92996379 1661.62248922 1088.21574349 1530.05531565 1825.81385788 1430.20918623 1058.35339522 1948.04204685 1347.69355675 1116.09085653 1447.23556377 1944.13306706 1850.26452701 1715.33410634 1121.27939659 1850.39058782 1039.47236099 1954.44650685 1918.1404528 1956.05084879 1183.3921705 1607.93860156 1575.97123906 1194.67296596 1173.61526278 1005.25090824 1567.2220638 1173.76787512 1788.86323515 1524.82509105 1122.06434462 1904.32511222 1407.04383729 1490.71023161 1278.63647918 1517.34088263 1128.12316087 1399.3505939
1130.65224209 1419.15864016 1702.66022169 1804.1441064 1650.17192849 1683.66251359 1930.98795614 1641.30613462 1656.26749362 1295.34888325 1993.31929328 1239.70396118 1336.74479682 1227.41604869 1555.93776278 1660.96235432 1450.96626985 1557.06541868 1595.83738431 1719.72088289 1244.24586884 1119.76766199 1907.23894221 1544.58763255 1237.52929158 1522.31736412 1013.86481638 1250.80408759 1760.13087192 1150.75602737 1084.04828737 1390.75420337 1635.57897818 1156.67054708 1920.69278296 1709.32404682 1748.50325032 1656.51865018 1408.35014786 1783.37506004 1523.9190093 1437.97959719 1244.78454753 1323.66602018 1262.11447021 1643.96190293 1916.80048495 1376.2623832 1260.78352922 1293.32201564
1765.22949078 1402.96333221 1804.94105763 1365.89423082 1479.80968354 1862.77909484 1142.29138553 1443.02809469 1139.63995256 1584.9740846 1719.36453676 1429.66570554 1725.56787335 1853.28444804 1363.24519775 1455.65991969 1746.24034324 1613.43808785 1207.48872493 1625.69149724 1207.28412278 1008.25633723 1024.43400009 1605.55807204 1179.58661194 1412.26894316 1149.4086671 1933.34638026 1547.17168176 1752.85922438 1232.98313375 1066.57147304 1265.63690523 1236.7425114 1843.01872126 1847.5768294 1633.19350856 1873.19175133 1524.69744254 1481.38308808 1050.16488147 1689.94976405 1587.38217539 1044.43260983 1811.73890243 1406.82894008 1927.24985729 1171.8001509 1395.12851016 1796.37362699
1282.95193701 1257.83146492 1809.90102469 1659.18368636 1826.24507801 1638.43594997 1023.75886949 1044.31192631 1800.0290765 1830.86873384 1011.01299352 1916.12126982 1474.22074492 1697.87886134 1775.06110055 1281.66241468 1770.32940331 1420.37667547 1075.64613589 1122.47491165 1790.71618031 1618.17942888 1840.28273182 1167.96230187 1136.06474089 1440.14776998 1062.23283582 1026.84351149 1390.14963674 1238.25318494 1062.30061496 1517.55773001 1994.23118063 1606.96420472 1361.84107269 1016.30581782 1837.15493804 1999.06486985 1122.31347609 1836.88714218 1563.18135202 1375.17818848 1352.16826483 1578.03205479 1979.99311403 1137.1018601 1940.67352902 1515.69272057 1114.88444454 1952.01771174
1614.87798425 1731.68194635 1956.31637856 1959.43803413 1520.66296795 1772.43872762 1928.87781373 1462.04577475 1842.55462531 1233.06302073 1297.07317362 1715.90352042 1200.74615553 1344.88499698 1769.5827798 1790.74835639 1606.65906636 1334.60780938 1364.82372496 1676.65227249 1748.61756499 1945.0826819 1125.11988094 1860.7580891 1838.55937801 1934.40780627 1398.50245406 1391.35427944 1144.4133285 1750.23855739 1221.01514864 1418.46395723 1990.26988548 1472.21856921 1577.40532529 1039.9240403 1849.31199958 1915.69329856 1303.8936733 1204.10127033 1694.60937127 1528.56752931 1146.86613215 1870.77777497 1841.53308206 1747.77189229 1498.50288353 1161.86007172 1398.43986166 1631.32382063
1670.66300958 1867.72266893 1284.44257864 1945.79572012 1497.2098483 1774.48045496 1612.66320395 1016.70057587 1963.9892371 1293.93830218 1958.1502278 1716.49863312 1236.7583167 1691.47501079 1093.11279793 1758.72872648 1408.82112656 1478.72081846 1579.52411123 1566.23839194 1542.68268653 1700.80403998 1233.73462861 1023.63514055 1117.47247502 1155.33007994 1411.92249346 1941.29810294 1958.35116082 1967.2395107 1262.15990545 1437.12184535 1108.3446363 1218.63484262 1231.33653667 1810.48516084 1124.57766609 1857.99810746 1389.10768208 1101.26721601 1006.77766827 1448.58262816 1475.68977921 1176.52306703 1434.45466777 1935.22440729 1577.04483398 1118.29740103 1940.37036757 1923.59420152
1983.06354132 1394.57386553 1217.24125042 1362.91959348 1915.65863807 1326.88094064 1299.23777284 1792.15009175 1722.49140709 1001.27084191 1093.01300756 1801.93145495 1011.84148428 1985.23550316 1198.97930674 1013.25574395 1706.30165261 1976.61853597 1792.15442711 1730.2686649 1399.39549272 1383.25656276 1418.14000861 1903.97663931 1897.5269775 1624.04148492 1233.57372379 1981.22181698 1426.53900228 1403.6991464 1971.94116863 1850.55352089 1788.97642188 1845.23972466 1461.10465644 1130.80315211 1272.68049496 1609.8191743 1704.00309133 1193.32689611 1305.53872517 1033.4699494 1121.14480679 1446.8219688 1069.80218546 1925.97910788 1494.06217902 1131.86476073 1126.38304155 1686.17061783
1936.85597797 1199.11739776 1586.16119595 1441.19545926 1018.76019978 1273.73375637 1952.1323559 1105.34959979 1222.47891598 1141.44200112 1942.2294552 1092.13746984 1898.19357332 1658.77065893 1651.99300785 1612.80787911 1723.47481627 1930.01600071 1543.90381724 1385.13524681 1259.37415449 1930.82063226 1448.82645001 1803.07376718 1309.20769261 1087.27653457 1788.5011339 1674.81006869 1518.05227554 1049.548588 1405.58707792 1362.32866951 1718.38529886 1303.9174712 1133.3289764 1659.455418 1927.10181453 1904.10796659 1225.93572677 1385.65659643 1635.43068235 1083.34054885 1466.39130718 1777.7945655 1631.42663824 1205.31491309 1721.91392417 1966.14780278 1258.90564873 1171.93277375
1294.36390727 1452.84888731 1696.85084459 1330.46968064 1009.42458366 1583.24926462 1800.71612944 1054.96412268 1003.23793591 1610.547046 1465.62661131 1819.27116026 1938.84325681 1931.71900369 1264.33129427 1480.29071061 1163.8933117 1083.00609194 1582.34550621 1750.81384212 1780.89603015 1461.76505079 1260.42445482 1097.71100361 1874.82312283 1232.84639216 1088.85255813 1728.77698373 1579.67703813 1962.76731447 1038.73531421 1839.67908726 1869.16748193 1102.34176046 1102.81794513 1088.91906081 1607.52542856 1875.91010799 1745.34815859 1166.06396632 1116.72471682 1873.5059567 1766.35850406 1979.31119228 1800.00848897 1598.3416313 1027.845245 1071.06180839 1780.2882489 1768.43302896
1020.6561614 1246.02682726 1673.43705377 1431.69543958 1232.03893844 1429.86113163 1205.63325839 1426.27045394 1223.95215441 1455.08512618 1026.49590905 1968.32986691 1635.98494794 1159.74136226 1881.83237475 1584.36789866 1674.03957625 1326.92405623 1047.22385595 1898.16575629 1866.43677736 1873.69986691 1628.8863615 1399.15589821 1765.35066528 1556.52422058 1501.36652828 1358.35469752 1028.42539373 1761.62800973 1557.71748053 1564.25282911 1546.13338911 1829.441931 1959.45896915 1013.02664097 1653.82758708 1578.70769642 1224.54297401 1731.08526386 1782.44019351 1244.20030411 1234.43996323 1902.38599958 1836.29668789 1281.6923241 1192.62524753 1574.42841438 1399.68639157 1111.70053297
1765.8793703 1110.66173804 1454.09906485 1854.1376196 1192.44374723 1294.20973773 1991.71619586 1787.39414999 1872.32030928 1992.58285164 1379.98789161 1181.07288565 1360.09332628 1556.4359375 1274.10547506 1799.80329983 1713.26423755 1666.95383708 1646.73718161 1671.46933414 1897.76487637 1595.35394665 1920.30874783 1650.60273424 1269.75572548 1994.7628898 1122.88150183 1261.20784451 1666.88593205 1944.34548714 1221.23017042 1833.50354179 1963.23499575 1153.04772051 1580.07462882 1310.63842963 1162.07417477 1602.86845812 1279.56881926 1506.31614892 1338.55425024 1591.48696655 1834.23049077 1774.68978602 1898.81551244 1800.97099919 1681.57642572 1454.98366974 1635.56974072 1059.99692435
1782.66256869 1184.34106367 1231.76283974 1099.48553054 1735.70194314 1096.78855498 1262.94463228 1644.27690401 1312.71275149 1027.98031086 1475.8453959 1952.81171512 1668.23037506 1327.7200898 1532.94508085 1544.70922709 1789.96716482 1323.2689489 1652.36655706 1243.20208685 1882.96904531 1188.51817881 1037.964475 1322.34411192 1043.98585312 1680.87058185 1979.8700193 1123.52834348 1060.30650099 1781.48894117 1961.49590358 1659.58336538 1643.52510161 1867.85465054 1882.49005061 1900.68153264 1843.88554709 1556.05603899 1132.49767327 1865.8091143 1366.74089823 1472.16164838 1958.79900015 1615.76159455 1880.79252904 1539.5064687 1747.52504968 1675.52432656 1043.23899214 1794.41418538
1884.61216864 1749.27388976 1124.28804692 1677.52476467 1303.57366064 1026.10600388 1268.53284445 1119.25734737 1053.34893998 1664.02172528 1368.95671408 1595.25548362 1702.19834898 1305.00032999 1245.26324011 1306.91391143 1315.27580743 1957.98443917 1466.87910992 1109.68459761 1374.34907254 1665.50229736 1907.37345838 1064.81935979 1444.19341402 1619.3779037 1606.64265884 1957.33697985 1019.73144783 1491.80280719 1773.98769381 1264.29598688 1553.64554319 1192.49976876 1236.32062005 1259.33809675 1972.06827788 1867.7773075 1714.33172499 1146.18970648 1271.10702967 1555.65237053 1978.22786846 1931.77975344 1983.47792323 1264.54844234 1707.71089962 1293.43954422 1420.08538176 1200.88212818
1305.6420687 1354.05826346 1711.60404837 1498.9802 1107.41179618 1203.7885137 1104.43680143 1081.08171747 1115.43612568 1158.56890585 1745.53424947 1847.0256272 1248.21862063 1976.2995412 1697.48600318 1744.31551521 1371.02217501 1876.19385383 1396.93036113 1377.86109626 1170.93308488 1259.26464457 1468.0961974 1092.81848081 1235.96634348 1759.66717831 1141.68305684 1075.8436658 1741.4542533 1441.73135829 1306.82977078 1549.46645644 1768.30545576 1893.28758971 1875.58013016 1884.22036139 1750.97348276 1697.57472158 1289.30603643 1427.6001654 1729.89226231 1890.46712795 1954.04635666 1146.8164871 1287.44505473 1258.66350216 1106.78240201 1282.0995003 1474.34078786 1617.82817989
1164.69926341 1709.88470974 1287.7380727 1756.0431048 1098.84859543 1254.15445212 1894.14886517 1469.64413364 1518.6099855 1959.69239256 1025.00849268 1079.59936502 1822.61685832 1239.88119535 1833.12459544 1741.47114447 1449.51882225 1704.74691834 1053.6001239 1436.09912426 1509.33806312 1278.988887 1763.03408598 1786.59709145 1387.19213203 1775.69588763 1625.37247375 1304.64407368 1306.74726913 1003.30482223 1749.67864449 1910.46818937 1422.16334382 1274.36848561 1361.62591363 1297.21538229 1082.09843175 1071.453154 1371.61741111 1611.79965684 1931.37373016 1438.32662068 1847.56518881 1770.072077 1358.44860919 1618.65231668 1524.80793563 1968.15360559 1255.09361576 1814.37821275
1176.43131887 1555.3394538 1831.38161406 1759.63614774 1932.26851464 1624.35537943 1561.37853007 1636.35023508 1271.44070446 1841.04271117 1000.77928562 1428.08375394 1796.85516738 1954.03352921 1706.41293935 1356.22840876 1375.95981766 1859.8707676 1412.65794962 1347.48582131 1959.488944 1502.53096607 1738.20473099 1117.29211608 1885.15168663 1053.59189175 1902.07665004 1816.87313479 1185.34546293 1392.88374574 1562.51592655 1298.81319774 1352.39738032 1000.62361655 1498.84810156 1341.50797454 1776.64083325 1423.95889429 1185.47011515 1809.5593052 1622.01048437 1842.60742198 1158.29955912 1830.16932013 1110.27689904 1887.91360807 1118.85696216 1247.44551123 1251.01558523 1581.04972576
1230.65663316 1404.46201898 1920.48920521 1617.29059152 1547.69890268 1725.45155196 1115.82607464 1431.08043509 1033.30046086 1241.67904891 1998.16101355 1112.15521785 1736.52882696 1066.75280829 1513.57176535 1569.0455496 1396.42159203 1798.84935734 1205.06327606 1000.42073867 1943.76690485 1106.57184822 1959.17150271 1360.64945457 1161.71162954 1875.82126384 1604.85019223 1713.10360056 1406.92966523 1198.56887864 1971.85756079 1772.88949269 1274.99998968 1776.53147515 1075.10412362 1661.38847221 1501.47077229 1105.9805521 1276.26434582 1807.76264816 1040.51401859 1943.02093102 1860.34926393 1487.95066059 1838.31800335 1363.7923777 1872.08544128 1742.53141764 1593.53397619 1891.69068299
