Algies/Shelton_A3/testFile2.grd
ncols 447
nrows 447
xllcorner 0.0
yllcorner 0.0
cellsize 10.0
[rows 92 to 114 of 447, columns 100 to 149 of 447]
1409.52872076 1071.13160228 1587.66142378 1710.78778116 1869.89549753 1872.85261736 1484.68965244 1985.33804769 1181.41514055 1773.21226033 1884.58764145 1150.51297723 1717.5507358 1487.6983722 1821.79835227 1262.10753726 1200.29305702 1823.24064509 1965.0564631 1319.57593577 1307.67567199 1003.36931391 1200.68029795 1392.48263578 1284.36101368 1001.51994172 1409.05958692 1410.12782035 1367.01546596 1388.15772426 1953.75073036 1204.71705695 1224.81833311 1368.67889157 1320.68799705 1636.53089214 1367.4690261 1179.55157449 1292.84939697 1599.98696813 1054.410736 1682.29145178 1751.16272256 1423.97656284 1774.50471275 1791.40805373 1120.20793554 1598.24092191 1325.23335734 1721.17502366
1796.00033986 1769.3553249 1596.12950577 1619.50010767 1295.32099554 1110.0143765 1564.61510032 1688.1568986 1340.71408153 1337.76885706 1209.1486984 1640.61674586 1640.82526434 1025.90295345 1878.85948805 1896.04235223 1197.5384375 1605.79958643 1654.21935628 1822.66453623 1399.68825806 1402.36368917 1347.77852532 1571.65052445 1451.80672588 1316.77467631 1423.96959519 1419.49150718 1523.33207183 1587.21222709 1229.96679735 1617.73789225 1078.82731534 1310.95451849 1371.61930057 1292.50933181 1785.76833936 1341.26561653 1767.8418994 1070.64455696 1583.90672341 1951.98152051 1791.86612147 1913.82307361 1170.34779771 1422.49104413 1985.58979791 1168.4017185 1349.75248729 1932.67565822
1870.489069 1333.40649119 1122.98761033 1467.83386345 1656.69346334 1333.99338904 1684.42661651 1756.05835367 1543.80648705 1408.50979677 1121.60994126 1727.22476979 1200.00699952 1492.13340037 1972.42588259 1464.80125256 1435.38501301 1841.18170404 1661.54651727 1829.22256209 1809.52852477 1807.42065297 1271.27947399 1864.94221656 1998.42143858 1384.37701407 1043.55912411 1992.75455182 1443.60283925 1557.25373214 1515.3049691 1593.97753234 1489.37003819 1491.40961515 1347.28670537 1510.96994839 1227.22349251 1884.58213179 1339.94389101 1609.2646048 1306.27218611 1563.29388762 1976.30995345 1854.07032503 1150.026514 1719.70768006 1817.15946934 1802.56510372 1934.7272607 1628.44217544
1560.37412081 1086.81664261 1235.32001991 1521.35116378 1934.46728191 1674.8670125 1117.98352932 1013.32492074 1686.52421476 1007.64013777 1752.3662835 1080.94065882 1279.07121501 1376.8730125 1067.86651076 1220.55457158 1849.48343089 1771.56272931 1764.60446693 1709.59366073 1771.3793449 1560.83235693 1203.91937463 1234.92207667 1842.70619442 1734.76026459 1873.95724171 1441.02842485 1442.24123284 1715.00366177 1806.84296202 1631.58748189 1893.75614422 1827.68491616 1491.74769091 1184.963945 1534.53892633 1712.04026822 1347.45165674 1957.8050202 1006.52043445 1273.58667807 1390.62306239 1444.51681437 1305.07208514 1194.68700375 1026.06916564 1649.99669489 1852.15402405 1203.49219756
1248.50098745 1389.70328789 1568.66368066 1076.24945177 1225.7506555 1729.77852646 1486.8401355 1750.68737403 1350.85597322 1276.45361897 1151.80375233 1137.64205859 1743.59809414 1776.73705289 1688.77023315 1794.52869092 1258.14293535 1045.75578065 1469.29213347 1355.97305305 1180.29376015 1943.84316803 1920.89374417 1452.78142621 1215.43785865 1393.57304986 1016.67181894 1625.99327265 1416.40535238 1609.86757663 1769.20488876 1714.76981555 1463.13765413 1600.01282729 1327.63679009 1839.63009195 1805.31460412 1687.15292609 1614.73576669 1461.65279597 1227.70982031 1987.80309299 1819.1689299 1827.85153026 1666.04157222 1840.41872575 1954.78728676 1844.19797659 1898.28748652 1270.21221634
1412.51079102 1099.2589662 1422.57630573 1723.56211697 1507.80626798 1124.49310872 1748.54651968 1816.62659816 1946.30159884 1100.47267289 1340.65343864 1894.15226941 1599.59226187 1568.72552483 1159.95115914 1484.72564807 1721.76782978 1050.43896902 1232.81937157 1246.37150204 1807.15803093 1672.2903655 1948.66006764 1510.46443933 1333.47352921 1806.81644152 1193.28836956 1982.62596199 1167.90481064 1080.45697143 1289.13848994 1851.51980047 1739.86993909 1575.75312775 1492.49452513 1241.30323695 1381.73869603 1921.79492493 1703.11326265 1476.00285124 1141.17501921 1829.64177934 1757.96207125 1365.54844839 1657.94642807 1087.04635513 1779.53081584 1915.42524351 1475.40754704 1321.69894311
1677.76212039 1364.74278134 1047.40993933 1011.01645152 1891.96053415 1083.14213552 1680.96919649 1966.41398729 1331.18020294 1573.49989455 1428.33843836 1593.6059234 1756.69157695 1416.44175395 1240.53968648 1405.30716209 1763.70252133 1111.96711375 1320.28296934 1808.59891188 1772.34904326 1898.83754945 1857.0341523 1934.73988704 1575.99360588 1227.09240135 1967.44420653 1635.29144302 1063.40870352 1326.425352 1526.46787477 1060.62729519 1061.67816741 1666.76245965 1473.32824648 1507.77208014 1446.51972525 1057.19486068 1011.61732842 1791.39568859 1279.09830373 1074.48345348 1526.95894131 1768.48443324 1347.09524434 1965.40817472 1301.84196928 1274.47996779 1369.24966863 1643.06053029
1575.94462643 1796.7229007 1026.28386546 1300.10098352 1964.27693413 1120.08465201 1294.60611159 1145.57742041 1446.93073663 1636.61380839 1207.10489591 1545.47867076 1280.0229024 1615.61542266 1889.73383658 1198.49799551 1428.53290487 1054.95665293 1653.30416992 1846.76304121 1164.45293266 1132.69583801 1447.35312823 1183.42320873 1964.00791198 1492.99911149 1982.37723636 1336.50836105 1306.9623682 1571.20558243 1439.38652991 1348.20492715 1920.97039528 1717.53612427 1784.52195191 1185.21619511 1062.76736916 1311.28186143 1716.92989318 1714.54095113 1292.49311465 1226.20821942 1791.818486 1019.88094116 1402.54637423 1453.9849678 1775.07124453 1677.9811653 1918.61285497 1122.26342134
1174.93317998 1017.82965266 1952.87265289 1591.51347637 1822.56930332 1987.22406675 1904.39372987 1694.42483325 1759.4938374 1244.24822982 1650.46403615 1500.16766994 1635.4412505 1757.1834337 1398.21292109 1445.25881529 1907.36323184 1217.82923194 1235.49376866 1797.83475967 1693.84443474 1407.50506273 1834.67882855 1875.46754436 1860.11557871 1788.44734264 1400.02436468 1956.60292691 1492.87899135 1378.90263915 1178.66331484 1998.75033199 1934.29702154 1430.11047429 1249.488667 1390.48951042 1300.2583614 1516.67751887 1617.88694275 1382.82513894 1738.14258903 1911.94205864 1261.49169033 1781.48254888 1770.07676943 1917.19685025 1496.6006556 1568.15256576 1047.92859124 1104.03872793
1359.55011959 1496.28109055 1762.41114722 1208.97459602 1322.76721002 1462.67138376 1724.10616875 1367.07494267 1652.16767277 1175.15464244 1009.39535518 1961.6276899 1269.69128208 1021.31939452 1952.69125204 1705.46347382 1848.88672714 1537.26066826 1195.07836876 1457.9209133 1202.0394987 1432.99879141 1342.64389512 1021.03612807 1286.07524282 1096.01104758 1155.39785947 1797.10169818 1607.87223357 1903.39477227 1743.36314972 1481.05196812 1745.41906961 1435.90713422 1176.82553459 1453.85016521 1927.3889471 1177.88775275 1066.25101378 1071.2023865 1200.12858907 1803.07914156 1404.92467864 1927.98712814 1501.05691169 1506.19227996 1363.26851467 1753.90600026 1586.67645379 1071.08875282
1184.93570391 1685.21045566 1128.66122436 1312.95727285 1159.18890529 1954.82744262 1068.26393653 1328.83065184 1952.90776421 1750.32425701 1464.90291433 1496.54340986 1350.71617171 1706.22350353 1770.98590573 1269.70032886 1625.51163276 1614.56421316 1556.47708621 1814.2105761 1059.78279083 1878.68033222 1675.29248146 1426.70328813 1330.69271545 1873.20037585 1518.12376051 1868.13780245 1991.23144416 1867.15737833 1009.49261513 1770.21757222 1297.42797747 1976.40326623 1112.0707028 1361.35395207 1522.94818469 1935.24025439 1630.71202433 1374.8209368 1248.12127426 1254.68374633 1195.15002691 1337.62711903 1806.54679759 1822.88104612 1887.57686437 1837.00153159 1828.77967334 1844.17671348
1142.86047867 1508.26587211 1360.7096773 1835.41672442 1498.33016428 1484.31077491 1360.81203919 1384.15529331 1285.6091143 1878.08816264 1765.29689763 1790.35187406 1462.25561871 1221.7287194 1247.77810959 1176.22063673 1901.76051692 1902.55078125 1661.81606736 1739.88044366 1215.44689295 1167.96723476 1682.20611149 1417.49228732 1874.07029653 1633.05211761 1865.50687295 1956.04360597 1523.30649423 1085.27514437 1586.36091774 1337.10786856 1161.15546718 1190.06136389 1401.61400171 1630.52172005 1308.01809307 1067.0261832 1518.19388462 1753.4083725 1030.79240815 1247.5005626 1514.79960877 1465.17668657 1333.81507635 1099.28235174 1281.20289786 1670.02129781 1304.5879583 1001.41013956
1133.97146154 1554.68667079 1470.95981169 1428.64108103 1715.02103275 1812.02134543 1885.61110266 1319.48681437 1998.59382628 1323.95069916 1599.80467188 1144.55261246 1361.27992272 1929.02466801 1847.66053475 1243.2368089 1942.60457473 1642.24537578 1365.52277354 1276.62844881 1558.54015372 1523.66974651 1358.03846311 1334.94277794 1967.5672503 1221.95183264 1464.39913575 1445.60163966 1904.79059728 1214.62663258 1634.91004241 1675.78469661 1504.96469334 1083.48141713 1100.19894605 1560.47297747 1156.83889872 1357.67638165 1502.71735133 1411.16113787 1019.8801961 1351.36909858 1262.20683221 1378.70961766 1194.5759724 1718.24435414 1221.08040649 1250.89116959 1610.40387817 1227.46716284
1002.77372296 1096.83162322 1853.61979756 1894.10654224 1116.05079597 1465.10788584 1451.21605216 1118.78411267 1437.95996143 1857.31538208 1362.44903453 1988.51279775 1551.85442483 1175.30409051 1557.53089651 1918.82220888 1381.82098972 1549.07505711 1905.46794682 1397.43715441 1945.40732469 1680.43483145 1582.59157608 1023.19717345 1494.28598482 1844.07646107 1354.0670392 1641.54900817 1089.17049009 1589.1450968 1298.06115707 1135.9088547 1150.2003179 1865.79193003 1905.43055179 1412.66726853 1063.52756114 1462.31143658 1979.5082848 1855.78618726 1424.17428948 1715.07918102 1928.83826688 1769.93901232 1855.40475927 1284.64767211 1830.55975076 1202.20787177 1980.37700211 1406.82766385
1493.82531944 1420.09148079 1873.94459834 1964.62486517 1549.66848038 1064.137334 1757.07888061 1643.44037949 1650.26876748 1083.95294835 1741.97710045 1784.28476176 1669.09820184 1428.24340905 1077.95544345 1491.81205215 1619.5435918 1892.17266226 1146.71084303 1040.96830192 1999.15723726 1869.12228125 1420.0044458 1260.42906296 1251.16831309 1792.17122509 1852.05277333 1045.82118983 1172.85301076 1993.1401128 1547.63570379 1665.2166852 1451.87267091 1283.24977003 1464.88422575 1138.36984451 1973.38866662 1622.03813492 1894.3269555 1915.85233145 1810.52497915 1110.99840652 1034.91884418 1596.71639877 1822.93149104 1850.66684797 1514.15444289 1685.42925173 1833.11693724 1180.40345033
1350.45457638 1087.51928835 1176.56231552 1747.61212871 1154.25731747 1983.67722189 1167.06779058 1548.02439101 1496.79978115 1955.46163526 1734.45606268 1683.68406765 1543.18905893 1935.08652874 1712.87820302 1695.53294691 1588.90852206 1708.12457735 1085.57988789 1823.10670278 1715.94618031 1939.45522105 1316.32829286 1872.22583606 1409.96178198 1849.85703311 1528.82127723 1524.96229339 1273.26926308 1616.60771031 1961.67085724 1993.81621884 1825.36992427 1339.46222317 1983.26250677 1258.01364528 1504.99494486 1930.15337487 1924.55542345 1498.44681533 1821.28832271 1672.47445621 1786.69952435 1939.3671886 1383.98955931 1758.29691408 1870.81075593 1995.63887147 1513.32033704 1652.95516724
1815.22569717 1755.09640376 1036.40202254 1237.97685304 1625.27584068 1659.81324695 1446.45785052 1023.91943089 1725.88525611 1524.70285009 1009.60447267 1958.62491024 1086.60908722 1565.05876236 1333.23649686 1052.72821672 1095.91519988 1962.7026267 1403.15333624 1503.96995271 1599.73654742 1083.78740556 1240.99997855 1685.22333313 1950.37149145 1594.19066357 1011.44396435 1878.5126256 1063.32300582 1313.02446193 1910.40100251 1602.20252522 1808.68262718 1597.51060864 1657.27270113 1389.54101181 1195.96233218 1558.49695498 1362.0211772 1054.27428205 1263.4390927 1133.25276171 1604.22349507 1129.90632026 1590.468217 1907.40715167 1158.96184273 1796.86067239 1414.04242674 1137.10388284
1734.42977727 1048.90583077 1039.17115625 1916.57939723 1925.58115081 1378.31644612 1135.61898559 1190.7043619 1281.72294693 1807.81064249 1220.1959507 1515.09592834 1701.5661975 1970.22740898 1531.31650523 1220.06745801 1533.67969141 1726.43919516 1994.535405 1118.05003171 1822.61127763 1804.6323193 1237.12767305 1372.12647881 1080.69668959 1483.49213229 1350.21210754 1848.73031145 1800.73435706 1344.68987152 1028.51251252 1192.99981923 1572.54670068 1718.39379074 1864.64815494 1683.5420294 1352.38996971 1404.15865857 1779.5147674 1600.96178331 1058.17096303 1005.62000685 1522.75580139 1910.96875575 1189.28594205 1275.89147783 1859.65470332 1052.45605772 1924.76356786 1989.38762634
1957.41305832 1309.6396342 1119.64712212 1866.25946639 1374.36221686 1280.70248009 1426.12987648 1548.04936695 1426.89812151 1817.3891258 1011.54861774 1309.01987442 1086.54014993 1903.29774376 1831.50926011 1000.50693793 1424.33814071 1595.02497928 1710.80986243 1467.25350371 1795.14831036 1297.88986795 1580.14268733 1693.34475773 1011.03126073 1495.61779811 1581.07640538 1696.87720469 1762.39377232 1059.66694071 1361.19931797 1821.76271582 1676.47489604 1899.16924334 1480.29151297 1474.35272428 1842.25143638 1922.63845465 1245.18888612 1821.94947244 1625.60532158 1961.91872727 1688.37660616 1432.63447212 1832.99678024 1624.81855813 1476.85957096 1527.09497625 1245.163388 1941.43856178
1152.64896132 1939.84019828 1324.96336078 1342.79936055 1302.34453023 1470.86884021 1509.83990671 1250.85188104 1133.13300464 1972.87453344 1807.81791268 1507.16455145 1842.12981149 1336.71383389 1999.72856146 1900.13542658 1973.1504989 1944.30876547 1403.79237932 1822.50093704 1149.87825254 1889.25893025 1134.86438034 1298.66066018 1147.94445509 1476.39495191 1451.82430144 1592.1881281 1148.61214938 1847.95311454 1961.92027616 1169.39199933 1368.05708343 1885.24247943 1076.25552666 1894.59370425 1706.4464157 1214.97674368 1422.47419933 1544.54104529 1241.22442734 1526.67981871 1718.08503762 1489.48843363 1721.67650276 1079.85012886 1124.99610993 1562.97519493 1625.53339322 1661.22780032
1097.84828226 1868.88898568 1797.92589871 1202.65484212 1487.64427778 1241.10014804 1505.40268634 1848.03266878 1358.50956701 1705.45342529 1452.05254051 1749.31762299 1006.72452965 1556.46417149 1512.15552656 1871.64317105 1906.74542901 1025.7832735 1744.27164837 1927.30686431 1588.1380218 1034.8635076 1746.96726746 1852.16118717 1711.58266135 1386.31261619 1574.35775401 1620.17184408 1970.67884012 1927.96033085 1708.44160801 1218.51410162 1319.27240355 1326.95764192 1767.7853159 1178.18397271 1537.92896596 1703.62494074 1975.6013812 1572.96490426 1553.8437615 1646.58103351 1860.90364902 1158.84199128 1091.65539966 1103.66141152 1095.25046489 1929.76841426 1739.10982366 1399.82586775
1047.57986451 1464.34852199 1217.30947272 1921.14602645 1092.057296 1161.99172867 1339.61884939 1062.336708 1714.0342381 1508.6335937 1538.35851689 1092.65917549 1731.41787875 1879.79099594 1396.86423238 1138.72427748 1019.03178276 1623.39100714 1063.63767934 1862.62744442 1950.16900227 1385.00283684 1993.18371564 1477.37528107 1584.92537383 1526.39426961 1245.08895525 1926.47677962 1316.81592139 1310.05313789 1978.07314789 1492.37582669 1442.12984869 1559.93214497 1854.47760775 1352.52908342 1445.54367252 1639.28230281 1926.6433217 1349.95174613 1326.62324497 1887.34881097 1359.79148199 1461.16988592 1197.72176412 1760.53693092 1667.28849668 1597.51994159 1380.1974431 1668.80368135
1257.29926196 1533.83974839 1357.47213302 1431.7776644 1793.10638652 1235.77534646 1502.22226367 1548.71073047 1803.95965614 1639.45428438 1951.30768104 1472.63974709 1274.6343791 1315.67955759 1895.1017016 1576.7202003 1330.9624416 1497.01556687 1810.09299672 1507.86721346 1412.19206209 1769.89400547 1823.17227471 1413.01636932 1694.97044256 1541.88893493 1932.78683321 1069.53592351 1141.61047551 1596.41121006 1638.49244572 1111.57325633 1305.06202497 1043.38707372 1292.58777234 1119.16814812 1415.2901259 1136.29403495 1647.91574752 1917.23492078 1567.04930868 1540.84611126 1636.78754315 1277.18609434 1760.01617611 1923.48188382 1705.65113089 1986.90006898 1275.8002925 1675.98151332
