Algies/Shelton_A3/testFile4.grd
ncols 547
nrows 547
xllcorner 0.0
yllcorner 0.0
cellsize 10.0
[rows 253 to 275 of 547, columns 0 to 49 of 547]
1590.17265058 1648.73101264 1139.4900779 1791.65339417 1686.26660987 1054.29163348 1438.80763388 1302.6547232 1804.74068244 1850.08582526 1702.53761559 1888.67762491 1983.06203922 1306.72282614 1395.89814731 1927.86135986 1217.80408584 1240.85163601 1228.54919257 1924.88508863 1222.11216459 1653.38163608 1773.02801785 1340.23233175 1711.89716185 1503.29669875 1882.01679871 1775.11073537 1994.68302723 1795.43763312 1661.26365154 1688.68232172 1513.23033521 1092.58069822 1020.56197618 1741.65428954 1097.65004541 1083.63242462 1826.86932498 1985.06920225 1520.73786299 1425.99800172 1467.56658154 1452.97514251 1380.75071191 1250.2257784 1044.75645672 1051.0052327 1382.76201342 1720.95745913
1590.54602273 1047.91160997 1808.63175341 1190.34334093 1997.81659345 1897.39779785 1504.57064509 1644.76464595 1097.2850309 1514.50482226 1175.97830895 1583.1852731 1416.46408169 1023.00491419 1099.98617859 1886.53163475 1811.79302568 1957.79049602 1757.48103435 1744.50182277 1055.4665973 1756.97440256 1686.70902733 1924.44759996 1957.01080598 1569.71611149 1989.40536269 1615.76507384 1094.64666608 1090.45395833 1882.48905523 1143.05605046 1785.36638484 1404.06498385 1222.60504454 1853.44839204 1973.00908394 1810.22228673 1771.18720537 1715.65485742 1043.62143624 1230.83322464 1592.51762883 1024.34738167 1621.24856231 1705.18170014 1360.42751276 1486.21267797 1579.87223669 1982.56718599
1820.82075717 1462.16841231 1084.38062639 1513.11143226 1912.8762913 1204.91505106 1212.02256028 1353.21622284 1504.97217939 1928.47382063 1925.60161352 1284.3247898 1837.28502869 1945.83373927 1017.60614723 1102.84487593 1084.60654519 1174.59561767 1355.07662771 1722.1691507 1422.3079835 1714.68375495 1856.52006569 1536.75808942 1278.89303911 1784.92799881 1294.03114962 1220.66369683 1832.50073588 1118.15831297 1447.58866967 1017.68112429 1066.29450592 1003.52839246 1200.46117063 1546.89094353 1356.32036826 1827.63860127 1770.20104333 1990.05256678 1291.12401104 1284.6427771 1537.49165438 1285.77427447 1178.30822019 1712.92011738 1494.11202362 1941.7673382 1157.7851322 1805.15819624
1340.99872815 1263.62591906 1214.58512052 1930.59988875 1659.63578332 1427.54774699 1325.36932496 1959.87722703 1879.09131166 1035.40428437 1156.34345277 1052.10046254 1170.49562639 1356.46747189 1181.61049806 1009.87021726 1176.26306064 1718.52525206 1236.00395527 1692.26201285 1561.03749116 1706.25583209 1826.1763592 1488.92754536 1823.00340005 1354.61651503 1200.25850668 1504.6900222 1196.46344793 1013.48739523 1506.63151953 1733.96481098 1286.01967441 1989.21574867 1764.52023264 1229.23781691 1496.6766129 1733.91694669 1147.98526765 1705.96200397 1759.67618416 1896.28363541 1168.25083138 1822.5332524 1060.57307065 1738.77164876 1044.16707038 1675.99482468 1613.36790885 1213.11011529
1520.17037888 1458.06539788 1024.1720294 1902.14250727 1945.7722518 1848.77365123 1389.48877889 1493.54287456 1876.90607049 1950.6586818 1391.11381971 1916.24675079 1420.28566572 1793.99870952 1216.00850118 1217.30397574 1437.25776958 1617.43882774 1222.22951795 1066.72498216 1365.95766377 1446.08612659 1198.0425838 1510.31504076 1407.90229983 1864.7300575 1652.8614835 1519.25920464 1256.72537937 1038.84508104 1128.89612348 1469.58219173 1265.62399034 1876.30471119 1543.79417613 1244.05503096 1534.18104872 1904.59395609 1602.27424156 1084.6288431 1809.66932479 1543.24098074 1084.26396472 1727.36406696 1210.99626617 1688.1336778 1432.57813575 1803.60017997 1704.92665199 1694.84775813
1101.7502183 1728.37356355 1165.87928572 1625.51330278 1449.95265816 1413.12675212 1731.53075423 1755.31718574 1487.52471385 1212.11722982 1045.20100577 1399.5362067 1691.51373684 1155.80959224 1487.44843787 1256.12769847 1138.85455058 1120.55689388 1208.30362326 1711.45765178 1908.05936994 1786.02879832 1520.73610516 1781.97219339 1370.59028986 1100.26574613 1629.16039419 1882.06506925 1826.78472182 1001.88496833 1970.49256708 1239.39791881 1983.20311857 1038.47054386 1599.32173923 1072.20962463 1604.28264038 1882.28076269 1105.43834788 1378.78549121 1484.14344834 1910.51712384 1272.25311308 1981.96132453 1109.86218798 1542.46094144 1145.61063919 1741.31424064 1877.1441075 1400.66774879
1355.54885589 1507.17461415 1799.80280333 1886.68289767 1950.98837468 1093.6607946 1318.30997361 1605.14893974 1320.81119047 1518.69079182 1634.20943005 1673.61652814 1175.3187797 1440.62375338 1558.22407556 1842.15009771 1708.01760549 1912.95599832 1542.51465409 1670.35666195 1104.92592252 1579.87787169 1620.76147355 1776.39047541 1305.10781119 1052.86516359 1919.45821248 1617.91763645 1558.0511155 1970.69186986 1804.22939223 1519.63217462 1354.45340267 1150.08878598 1281.63060988 1178.83929071 1855.0777014 1683.45314361 1816.3509882 1768.06468556 1929.40575607 1811.08746611 1835.48831691 1619.10806283 1797.99063653 1374.27542615 1130.24497593 1205.23476302 1143.62672511 1954.44307905
1010.65797495 1718.62845906 1910.33459406 1782.8738403 1891.3976206 1931.69008251 1225.56757202 1679.39522048 1720.65034279 1340.19893848 1373.61603606 1027.6436593 1436.12826093 1443.33815129 1103.17064167 1485.80747365 1813.28890593 1190.19195332 1828.85148728 1793.66958909 1501.33934792 1786.38329937 1655.94745726 1594.59069638 1561.60846482 1651.19545822 1096.5219127 1615.03317871 1625.13397451 1636.38793271 1015.35130622 1019.13312118 1480.86603087 1017.48224253 1812.56642132 1603.11685141 1520.13240488 1907.21088846 1754.77277958 1437.96138461 1541.32936771 1811.90757933 1327.83870345 1058.82455023 1127.04122281 1514.03243933 1373.15141629 1950.59520918 1405.17128946 1202.85399251
1554.81644161 1028.6544974 1862.20178212 1440.85793725 1599.04053826 1025.80791841 1506.14293413 1224.43976103 1237.73992088 1557.6979677 1123.29900852 1791.26198077 1806.56598723 1820.58544142 1136.52152163 1195.23313832 1574.8198102 1781.95388994 1171.09817424 1864.37757847 1395.10902191 1160.68915226 1641.00547164 1220.66691023 1440.21170231 1485.03025298 1266.68450472 1154.91628105 1793.44261555 1933.48904735 1622.89517732 1157.02746859 1084.26531643 1545.86999248 1180.37947496 1912.49768011 1018.36459004 1217.42295524 1853.22480705 1392.64805885 1615.07762277 1235.00285539 1150.16857697 1400.43208161 1625.62180262 1007.78978668 1753.38475221 1450.13055684 1277.51126876 1601.9482189
1780.92922954 1660.98178555 1743.25472298 1940.25626654 1406.20765621 1502.50587173 1974.33879595 1275.37547515 1547.74894315 1016.87101487 1844.1792775 1284.75814675 1560.13789523 1104.40278803 1126.25896173 1085.77954994 1325.29256443 1127.54627808 1414.98270272 1579.20800452 1315.7972737 1857.11294252 1277.54227647 1264.22219815 1407.85939984 1967.75781432 1599.32102683 1337.83184613 1784.35298901 1855.86516387 1043.97789358 1667.69323445 1756.56820292 1370.56474839 1815.12569286 1355.65555305 1733.00737283 1708.59954742 1593.49170466 1460.20619181 1837.50519877 1242.43119982 1870.4868513 1295.40700273 1258.19395167 1475.47780369 1920.52258732 1493.85608141 1889.23400345 1337.5548396
1682.15536275 1074.69062865 1949.6604542 1538.05038014 1683.56580025 1859.76378959 1251.30171732 1377.71928504 1102.61995038 1067.13695965 1621.41302037 1230.34843025 1388.65994862 1108.49637247 1834.20743993 1124.21338226 1437.59300094 1437.94480032 1462.47409469 1724.62949996 1707.11234724 1372.3934868 1086.29879821 1747.87961957 1183.3118368 1419.26931373 1365.16053142 1577.87671496 1218.8546976 1181.60687943 1325.42011187 1993.79450421 1725.12010722 1154.30027293 1749.71990266 1975.42771679 1458.84121878 1736.58019564 1582.57817623 1852.06747697 1340.96623454 1244.25023686 1062.28566023 1702.90119792 1384.82438751 1170.08264528 1648.38461101 1722.90073899 1589.80479897 1449.46018533
1105.49997396 1077.17060201 1672.90918914 1215.77664049 1152.78273271 1283.60323951 1468.81233005 1150.78058893 1941.20192745 1044.73687148 1483.68665398 1713.2038439 1867.58776588 1327.67822095 1866.91155966 1915.76076538 1309.49818448 1384.34355274 1370.79350065 1148.86114651 1330.6639212 1610.64657753 1007.54635705 1688.52026367 1569.97964295 1790.34246209 1619.50640547 1804.36337929 1302.9064741 1545.1510771 1242.40898181 1496.77580497 1740.67500678 1560.63437889 1966.60475075 1915.13881797 1599.95587805 1222.52209876 1130.35550354 1855.42833605 1370.47119826 1631.7189262 1905.56667534 1834.33187984 1411.89788289 1268.5377343 1555.08773906 1218.82154278 1362.15194108 1673.54676292
1927.25232714 1011.89294724 1936.17136061 1086.93976486 1875.34905288 1507.11089655 1205.98126362 1205.32937502 1908.24462732 1467.646024 1103.00559322 1059.61022459 1895.07350403 1542.09036392 1268.22358949 1094.47842632 1103.66584619 1346.7445815 1546.37397712 1035.32314492 1435.51262319 1913.50070731 1149.95477986 1323.71513443 1861.7536797 1489.55735602 1204.34844045 1258.98980363 1172.9054312 1799.90875484 1123.84285638 1371.88973249 1681.83614746 1004.6412881 1692.92017406 1706.58682687 1629.95485187 1502.80309181 1611.43120799 1751.56742922 1392.08967875 1307.24762553 1343.32450582 1581.47139983 1321.30426597 1610.62553108 1104.45687295 1650.63160272 1068.03328131 1678.30418384
1963.75934143 1060.59697898 1311.41100374 1977.14226264 1100.01859778 1135.58157532 1285.26382423 1240.63508706 1419.79606224 1141.61676125 1499.8310362 1503.73591951 1651.62500216 1700.33188683 1710.34178573 1330.58305212 1568.35537098 1862.61234847 1489.83355884 1528.11738262 1907.44829768 1859.10900627 1904.91863891 1096.24464994 1591.71257046 1032.41897546 1533.82974407 1186.77886525 1922.88995471 1831.90934116 1734.20511011 1883.96125119 1527.44301492 1882.65894778 1914.49656596 1510.64789362 1344.35259773 1943.45865175 1563.61921712 1485.84319148 1729.55807925 1873.78481082 1351.13993456 1688.3596383 1349.68985699 1081.8225303 1545.53037661 1459.58872013 1681.93797888 1268.80954279
1508.43185403 1302.09924468 1409.15132717 1129.81100228 1955.65294274 1030.51669868 1250.38897404 1600.12538613 1922.89867351 1252.73314447 1726.38487906 1119.42615914 1095.77069368 1237.71612312 1586.85525056 1132.26218015 1426.81207514 1356.58214352 1508.17143979 1958.28803069 1630.22699193 1138.23044714 1808.25410769 1155.56346252 1035.79424773 1939.72217079 1788.00823505 1530.49073928 1142.84772227 1877.22367514 1405.64209684 1622.82152006 1748.1672287 1062.94468138 1190.78503775 1755.33835224 1562.37198203 1692.7694217 1266.75319064 1793.61655512 1935.48641924 1871.21007509 1740.73186594 1407.51976931 1828.30419465 1420.65567446 1358.31593563 1753.04291363 1751.08656089 1189.16247329
1956.12359029 1528.31803696 1029.59972412 1407.82857666 1316.96744358 1727.82710543 1329.39433416 1786.03054122 1317.99284366 1709.60293238 1233.69257057 1775.14743386 1605.58282774 1165.49964307 1093.5193321 1059.57317892 1093.76923411 1931.57433419 1860.76408435 1609.51037587 1234.10748326 1023.48640181 1940.74688148 1760.32731188 1446.61946267 1870.944327 1203.37360601 1547.85565259 1541.53360741 1721.02211277 1025.81755148 1354.90994559 1096.23658342 1128.63774292 1099.7966629 1045.38531266 1916.49833137 1577.67423975 1155.90546105 1306.77433747 1244.55639941 1225.80536085 1312.15408859 1137.20530417 1117.33607653 1739.80822349 1921.02393079 1033.11983277 1849.64304003 1786.46617337
1769.70118136 1919.9939509 1278.68131588 1971.86259308 1836.51017492 1204.38529412 1710.38806915 1861.25948961 1281.12542565 1211.43659306 1002.94493831 1299.77712079 1668.29360952 1185.76569949 1244.91173317 1404.67627393 1856.75027344 1875.19489255 1297.39728589 1307.30061903 1769.00499394 1953.59335607 1205.53064275 1792.85829152 1070.11226064 1066.31049611 1473.77873534 1800.37922726 1431.14018233 1131.67145752 1227.53342542 1102.67227721 1674.20575477 1681.58209853 1223.9377988 1130.17207031 1157.94130042 1524.7250502 1157.92764758 1401.39609771 1581.96626636 1627.01446352 1448.85687786 1036.82380152 1768.9246908 1321.39815064 1256.80194989 1123.02720372 1806.98088987 1556.80116725
1349.23813905 1418.43393992 1873.65816932 1036.41083543 1488.49352227 1286.48329533 1703.1109524 1915.09668753 1535.03633585 1656.74027504 1621.7461915 1586.56963202 1760.10915628 1929.19687678 1398.3425246 1679.9733931 1023.50930763 1930.0968751 1512.47831752 1692.18019334 1504.50200947 1839.18604683 1682.25838245 1010.3038891 1587.46113876 1487.69827308 1336.53356198 1743.66691542 1893.8138945 1028.6354187 1940.15360448 1417.15424516 1585.86496791 1308.20661721 1485.14073659 1655.22960983 1127.67242497 1591.9932978 1256.19899539 1829.02284265 1472.12509013 1822.65536607 1818.53562416 1931.39179458 1688.63896553 1716.88696567 1315.49619458 1818.77060228 1853.37669171 1191.26443883
1882.12642496 1394.82957908 1550.63186368 1177.21812243 1363.87627505 1294.9137788 1541.30032412 1330.7357719 1393.03451998 1073.50771407 1266.16859083 1609.42663653 1686.97476358 1317.30179124 1237.95209387 1124.59465279 1365.53437985 1555.98204665 1563.05349637 1939.82006427 1598.59397408 1441.51668863 1487.52730954 1140.4511667 1067.52239977 1658.61291722 1444.19565378 1062.97690496 1883.89807517 1084.86595574 1375.4990538 1861.78393251 1922.73316884 1106.2159852 1207.95169025 1402.88010161 1950.5112942 1481.73237161 1226.62956291 1816.94320133 1965.24929734 1745.79110005 1674.49886819 1073.76063365 1986.17145881 1680.14367902 1772.80075824 1852.94103373 1261.14739542 1560.71705134
1328.45887963 1880.0813695 1934.17042869 1855.13503497 1784.95320394 1106.84134562 1973.23286052 1492.04039099 1283.99994328 1793.45179673 1442.30131814 1869.41719554 1799.75449567 1417.71802589 1842.9856774 1256.25118104 1606.21608432 1891.19107069 1958.22080501 1009.80665945 1340.28593564 1193.62501476 1435.85108998 1932.62484077 1417.41882807 1518.7532583 1903.98676379 1439.7750725 1207.86435143 1024.75976332 1254.68790116 1374.31810033 1594.54113892 1578.75535973 1256.13128387 1921.70909251 1280.67884334 1652.58302771 1985.52017317 1394.37767272 1000.50610015 1073.82970168 1054.29391226 1787.87066059 1961.67515275 1621.38162997 1740.59720709 1821.63972588 1619.14458669 1105.93649554
1652.42764166 1058.87068167 1992.09416352 1366.30422281 1471.39272334 1113.01826565 1726.29041813 1029.16545819 1398.2669352 1716.11573364 1605.75663997 1737.71866131 1780.66649938 1397.20760945 1337.64387876 1493.97470394 1318.39699673 1945.46852689 1836.84251321 1584.94606352 1166.67540799 1232.85981407 1713.89397787 1100.32603604 1707.06001185 1458.09284489 1072.12143976 1300.30617086 1941.35379029 1598.97353456 1399.98453133 1752.0062657 1709.49649361 1358.70467357 1731.0361974 1992.58060594 1555.88232986 1906.6928499 1271.29142192 1742.29764521 1737.98826572 1694.859456 1399.7859872 1256.41586215 1106.47836221 1851.87601614 1576.30156844 1688.56942266 1978.67169528 1875.31400341
1828.28233273 1869.20388193 1263.7285277 1836.44589244 1798.04700021 1179.09996616 1836.81097303 1301.53927992 1680.31421552 1975.51307217 1556.6533609 1340.90364707 1276.45832332 1616.36273102 1631.1247288 1194.48603331 1916.68965099 1182.7097928 1114.26588223 1429.79823368 1622.39616925 1649.25419276 1725.16910524 1789.54285019 1574.59924537 1775.88777919 1633.29868627 1112.03138413 1282.23205545 1526.95767884 1624.15395095 1571.88845724 1879.39190199 1500.62739511 1836.87822131 1557.05059311 1534.59577648 1757.10851504 1686.47768115 1275.75714063 1634.88824902 1995.97750355 1653.08139417 1095.28130377 1212.88953084 1596.99131403 1204.29947974 1060.55964962 1497.55501403 1275.28528112
1762.93527757 1830.37357905 1728.99182073 1198.70528476 1741.18673293 1038.29925144 1233.21256694 1181.93563544 1248.28298738 1244.27319622 1816.30987241 1902.30369724 1135.30169801 1789.28742569 1624.55330368 1084.15732494 1167.44254787 1024.19817042 1105.9257512 1446.11558475 1995.14913531 1098.65369364 1878.05126933 1045.17953544 1360.23836567 1320.94929854 1907.94521096 1908.74504997 1744.2419214 1910.83807394 1766.73748973 1333.69367895 1725.35861531 1358.02496849 1556.9841354 1562.36384837 1269.6252448 1239.02675149 1753.32418955 1824.05240204 1526.02795794 1804.42545323 1787.57364684 1262.44112828 1048.32136222 1064.69211179 1739.62610545 1109.2198957 1986.02125069 1835.57178216
